new_seeds_number,new_seeds_frac,omega,j0,j1,j2,j3,HAGBs_frac
10,0.00628,0.06231,0.07478,0.06552,0.50331,0.35639,0.71407
20,0.01248,0.12651,0.07396,0.06476,0.49901,0.36226,0.71678
30,0.01861,0.06266,0.07348,0.06434,0.49314,0.36904,0.71945
40,0.02466,0.08485,0.07205,0.06394,0.48945,0.37455,0.72246
50,0.03064,0.06389,0.07131,0.06325,0.48629,0.37915,0.72474
60,0.03654,0.07506,0.07086,0.06284,0.48124,0.38506,0.72710
70,0.04237,0.06877,0.07040,0.06148,0.47627,0.39184,0.73006
80,0.04813,0.06268,0.06996,0.06110,0.47262,0.39633,0.73195
90,0.05383,0.05065,0.06858,0.06008,0.47059,0.40075,0.73464
100,0.05945,0.04537,0.06752,0.05971,0.46640,0.40638,0.73730
110,0.06501,0.05514,0.06679,0.05871,0.46381,0.41069,0.73951
120,0.07051,0.06561,0.06638,0.05804,0.45971,0.41587,0.74170
130,0.07593,0.05946,0.06566,0.05738,0.45597,0.42099,0.74406
140,0.08130,0.04655,0.06528,0.05705,0.45027,0.42739,0.74655
150,0.08661,0.02971,0.06489,0.05670,0.44572,0.43269,0.74866
160,0.09185,0.03432,0.06389,0.05636,0.44183,0.43791,0.75114
170,0.09703,0.02440,0.06261,0.05542,0.43889,0.44308,0.75398
180,0.10216,0.03838,0.06224,0.05509,0.43389,0.44878,0.75620
190,0.10722,0.04322,0.06130,0.05449,0.43204,0.45218,0.75816
200,0.11223,0.04212,0.06097,0.05331,0.43034,0.45538,0.75985
210,0.11719,0.03915,0.06032,0.05212,0.42811,0.45944,0.76201
220,0.12209,0.03332,0.05968,0.05095,0.42649,0.46288,0.76394
230,0.12693,0.03575,0.05937,0.05068,0.42137,0.46858,0.76634
240,0.13172,0.03879,0.05874,0.04981,0.41751,0.47394,0.76879
250,0.13646,0.03966,0.05812,0.04953,0.41426,0.47810,0.77066
260,0.14115,0.03783,0.05750,0.04868,0.41133,0.48249,0.77288
270,0.14579,0.03709,0.05719,0.04785,0.40827,0.48669,0.77485
280,0.15038,0.03193,0.05631,0.04702,0.40484,0.49184,0.77739
290,0.15491,0.03747,0.05598,0.04674,0.40274,0.49454,0.77866
300,0.15940,0.04139,0.05540,0.04621,0.39866,0.49972,0.78092
310,0.16385,0.04234,0.05509,0.04568,0.39480,0.50443,0.78285
320,0.16824,0.04362,0.05479,0.04515,0.39097,0.50909,0.78475
330,0.17259,0.04585,0.05422,0.04463,0.38855,0.51260,0.78645
340,0.17690,0.04142,0.05339,0.04440,0.38491,0.51730,0.78863
350,0.18116,0.04433,0.05310,0.04389,0.38120,0.52181,0.79047
360,0.18538,0.04379,0.05256,0.04340,0.37817,0.52588,0.79243
370,0.18955,0.04379,0.05174,0.04290,0.37721,0.52815,0.79387
380,0.19368,0.04735,0.05148,0.04268,0.37477,0.53107,0.79510
390,0.19777,0.04523,0.05068,0.04219,0.37225,0.53489,0.79704
400,0.20182,0.04193,0.05041,0.04196,0.36975,0.53787,0.79827
410,0.20582,0.03963,0.04962,0.04148,0.36781,0.54109,0.80000
420,0.20979,0.04017,0.04937,0.04101,0.36390,0.54572,0.80185
430,0.21372,0.03900,0.04913,0.04055,0.36106,0.54926,0.80335
440,0.21761,0.03886,0.04836,0.03982,0.35868,0.55314,0.80537
450,0.22146,0.03611,0.04734,0.03833,0.35812,0.55621,0.80754
460,0.22527,0.03281,0.04709,0.03711,0.35526,0.56053,0.80952
470,0.22904,0.02900,0.04686,0.03667,0.35192,0.56455,0.81114
480,0.23278,0.03215,0.04662,0.03623,0.35014,0.56701,0.81225
490,0.23649,0.03277,0.04638,0.03605,0.34787,0.56970,0.81335
500,0.24015,0.03126,0.04616,0.03537,0.34621,0.57225,0.81457
510,0.24379,0.03010,0.04544,0.03471,0.34507,0.57478,0.81611
520,0.24738,0.03103,0.04498,0.03454,0.34269,0.57778,0.81747
530,0.25095,0.02590,0.04476,0.03412,0.33902,0.58210,0.81917
540,0.25448,0.02533,0.04406,0.03397,0.33719,0.58479,0.82067
550,0.25797,0.03069,0.04384,0.03355,0.33603,0.58658,0.82153
560,0.26144,0.03247,0.04290,0.03339,0.33415,0.58957,0.82319
570,0.26487,0.03040,0.04269,0.03299,0.33252,0.59180,0.82420
580,0.26827,0.02690,0.04249,0.03235,0.33076,0.59440,0.82548
590,0.27164,0.02872,0.04205,0.03196,0.32989,0.59611,0.82646
600,0.27498,0.03118,0.04185,0.03156,0.32783,0.59876,0.82760
610,0.27828,0.03114,0.04117,0.03070,0.32675,0.60138,0.82919
620,0.28156,0.02715,0.04050,0.03008,0.32425,0.60516,0.83108
630,0.28481,0.02643,0.03985,0.02971,0.32209,0.60835,0.83277
640,0.28803,0.02652,0.03896,0.02934,0.32129,0.61042,0.83416
650,0.29122,0.02466,0.03854,0.02897,0.31908,0.61341,0.83553
660,0.29438,0.02311,0.03743,0.02883,0.31807,0.61567,0.83705
670,0.29751,0.02333,0.03680,0.02870,0.31567,0.61884,0.83856
680,0.30062,0.02237,0.03617,0.02833,0.31421,0.62129,0.83990
690,0.30370,0.02242,0.03577,0.02820,0.31254,0.62348,0.84092
700,0.30675,0.02308,0.03561,0.02808,0.31020,0.62611,0.84194
710,0.30977,0.02106,0.03545,0.02727,0.30841,0.62886,0.84322
720,0.31277,0.02433,0.03529,0.02715,0.30701,0.63054,0.84392
730,0.31574,0.02883,0.03514,0.02703,0.30473,0.63311,0.84491
740,0.31869,0.02842,0.03498,0.02691,0.30202,0.63610,0.84604
750,0.32161,0.02457,0.03482,0.02656,0.30022,0.63839,0.84701
760,0.32451,0.02439,0.03444,0.02600,0.29911,0.64044,0.84812
770,0.32738,0.02314,0.03429,0.02566,0.29646,0.64358,0.84937
780,0.33023,0.02054,0.03370,0.02511,0.29604,0.64515,0.85046
790,0.33305,0.02083,0.03311,0.02500,0.29518,0.64671,0.85139
800,0.33585,0.02073,0.03210,0.02489,0.29476,0.64825,0.85261
810,0.33863,0.02330,0.03196,0.02457,0.29311,0.65036,0.85351
820,0.34138,0.02133,0.03183,0.02447,0.29104,0.65266,0.85440
830,0.34411,0.02152,0.03170,0.02437,0.28898,0.65495,0.85528
840,0.34682,0.02116,0.03135,0.02426,0.28667,0.65772,0.85646
850,0.34951,0.01919,0.03122,0.02395,0.28458,0.66025,0.85748
860,0.35217,0.01751,0.03108,0.02385,0.28209,0.66298,0.85850
870,0.35481,0.01670,0.03095,0.02374,0.28047,0.66483,0.85924
880,0.35743,0.01403,0.03061,0.02364,0.27950,0.66624,0.85996
890,0.36003,0.01585,0.03027,0.02354,0.27728,0.66891,0.86110
900,0.36261,0.01685,0.03015,0.02324,0.27617,0.67044,0.86179
910,0.36517,0.01555,0.02961,0.02314,0.27502,0.67223,0.86277
920,0.36771,0.01539,0.02907,0.02284,0.27346,0.67463,0.86402
930,0.37022,0.01476,0.02896,0.02234,0.27198,0.67673,0.86496
940,0.37272,0.01740,0.02884,0.02225,0.27085,0.67806,0.86551
950,0.37520,0.01708,0.02872,0.02215,0.26892,0.68021,0.86632
960,0.37766,0.01585,0.02860,0.02206,0.26660,0.68274,0.86727
970,0.38009,0.01800,0.02848,0.02197,0.26551,0.68403,0.86780
980,0.38251,0.01853,0.02837,0.02189,0.26328,0.68646,0.86871
990,0.38491,0.01997,0.02806,0.02180,0.26201,0.68813,0.86950
1000,0.38730,0.01996,0.02795,0.02171,0.26055,0.68979,0.87015
1010,0.38966,0.01935,0.02763,0.02163,0.25851,0.69223,0.87119
1020,0.39201,0.01787,0.02752,0.02154,0.25708,0.69386,0.87183
1030,0.39433,0.01719,0.02741,0.02145,0.25526,0.69587,0.87260
1040,0.39664,0.01853,0.02731,0.02137,0.25430,0.69701,0.87308
1050,0.39894,0.01791,0.02701,0.02110,0.25394,0.69795,0.87369
1060,0.40121,0.01765,0.02690,0.02082,0.25255,0.69973,0.87443
1070,0.40347,0.01990,0.02661,0.02054,0.25181,0.70104,0.87516
1080,0.40571,0.02022,0.02651,0.02008,0.25088,0.70253,0.87588
1090,0.40793,0.01957,0.02621,0.01981,0.25049,0.70350,0.87649
1100,0.41014,0.02072,0.02611,0.01973,0.24913,0.70503,0.87709
1110,0.41233,0.02156,0.02601,0.01965,0.24778,0.70655,0.87768
1120,0.41451,0.02250,0.02592,0.01958,0.24650,0.70801,0.87826
1130,0.41667,0.02376,0.02563,0.01951,0.24536,0.70950,0.87897
1140,0.41881,0.02563,0.02553,0.01944,0.24447,0.71056,0.87941
1150,0.42094,0.02628,0.02544,0.01936,0.24317,0.71203,0.87998
1160,0.42305,0.02690,0.02515,0.01929,0.24206,0.71350,0.88068
1170,0.42515,0.02543,0.02468,0.01903,0.24115,0.71515,0.88162
1180,0.42723,0.02623,0.02440,0.01896,0.24005,0.71659,0.88231
1190,0.42929,0.02811,0.02431,0.01889,0.23845,0.71835,0.88298
1200,0.43134,0.02807,0.02422,0.01863,0.23794,0.71921,0.88341
1210,0.43338,0.02824,0.02413,0.01856,0.23705,0.72025,0.88383
1220,0.43540,0.02862,0.02404,0.01849,0.23618,0.72129,0.88426
1230,0.43741,0.02897,0.02377,0.01843,0.23549,0.72231,0.88480
1240,0.43940,0.02904,0.02368,0.01836,0.23426,0.72370,0.88534
1250,0.44138,0.02981,0.02323,0.01829,0.23303,0.72544,0.88624
1260,0.44335,0.02981,0.02315,0.01822,0.23219,0.72644,0.88665
1270,0.44530,0.03124,0.02288,0.01816,0.23116,0.72780,0.88729
1280,0.44724,0.02973,0.02262,0.01809,0.23014,0.72915,0.88794
1290,0.44916,0.03085,0.02253,0.01803,0.22931,0.73012,0.88833
1300,0.45108,0.03049,0.02245,0.01796,0.22813,0.73145,0.88885
1310,0.45297,0.03118,0.02220,0.01790,0.22753,0.73237,0.88935
1320,0.45486,0.03196,0.02212,0.01784,0.22636,0.73368,0.88986
1330,0.45673,0.03223,0.02204,0.01777,0.22556,0.73462,0.89024
1340,0.45859,0.03082,0.02196,0.01753,0.22441,0.73610,0.89086
1350,0.46044,0.03221,0.02188,0.01747,0.22361,0.73703,0.89124
1360,0.46227,0.02913,0.02163,0.01724,0.22265,0.73848,0.89197
1370,0.46409,0.02721,0.02138,0.01717,0.22135,0.74010,0.89269
1380,0.46590,0.02713,0.02131,0.01711,0.21987,0.74170,0.89329
1390,0.46770,0.02588,0.02123,0.01688,0.21841,0.74347,0.89400
1400,0.46948,0.02575,0.02116,0.01682,0.21696,0.74506,0.89459
1410,0.47126,0.02446,0.02109,0.01642,0.21587,0.74663,0.89529
1420,0.47302,0.02430,0.02101,0.01636,0.21478,0.74785,0.89576
1430,0.47477,0.02456,0.02094,0.01562,0.21438,0.74906,0.89646
1440,0.47651,0.02401,0.02087,0.01557,0.21300,0.75056,0.89702
1450,0.47823,0.02344,0.02063,0.01552,0.21214,0.75171,0.89758
1460,0.47995,0.02184,0.02056,0.01547,0.21074,0.75323,0.89815
1470,0.48165,0.02135,0.02049,0.01524,0.20969,0.75457,0.89872
1480,0.48334,0.02329,0.02043,0.01519,0.20864,0.75574,0.89917
1490,0.48503,0.02253,0.02036,0.01480,0.20760,0.75723,0.89983
1500,0.48670,0.02374,0.02029,0.01476,0.20657,0.75838,0.90028
1510,0.48836,0.02372,0.02006,0.01471,0.20575,0.75949,0.90082
1520,0.49001,0.02279,0.01983,0.01450,0.20493,0.76075,0.90146
1530,0.49165,0.02448,0.01976,0.01445,0.20395,0.76183,0.90188
1540,0.49327,0.02340,0.01970,0.01424,0.20295,0.76312,0.90242
1550,0.49489,0.02383,0.01947,0.01402,0.20211,0.76440,0.90307
1560,0.49650,0.02316,0.01940,0.01381,0.20112,0.76566,0.90360
1570,0.49810,0.02301,0.01934,0.01377,0.19967,0.76721,0.90423
1580,0.49968,0.02349,0.01928,0.01373,0.19873,0.76826,0.90463
1590,0.50126,0.02298,0.01922,0.01368,0.19743,0.76967,0.90516
1600,0.50283,0.02202,0.01900,0.01364,0.19630,0.77107,0.90578
1610,0.50439,0.02042,0.01894,0.01343,0.19502,0.77262,0.90640
1620,0.50593,0.01997,0.01888,0.01307,0.19409,0.77396,0.90701
1630,0.50747,0.01972,0.01882,0.01303,0.19254,0.77562,0.90762
1640,0.50900,0.01977,0.01860,0.01299,0.19192,0.77650,0.90812
1650,0.51052,0.02022,0.01854,0.01295,0.19067,0.77785,0.90862
1660,0.51203,0.01960,0.01848,0.01290,0.18974,0.77888,0.90901
1670,0.51353,0.02044,0.01842,0.01286,0.18914,0.77958,0.90930
1680,0.51502,0.02104,0.01836,0.01282,0.18854,0.78028,0.90958
1690,0.51650,0.02121,0.01831,0.01278,0.18763,0.78128,0.90997
1700,0.51798,0.02218,0.01825,0.01258,0.18672,0.78244,0.91046
1710,0.51944,0.02252,0.01819,0.01255,0.18582,0.78344,0.91084
1720,0.52090,0.02325,0.01813,0.01251,0.18524,0.78412,0.91112
1730,0.52234,0.02231,0.01792,0.01231,0.18420,0.78557,0.91180
1740,0.52378,0.02341,0.01787,0.01227,0.18300,0.78686,0.91228
1750,0.52521,0.02306,0.01781,0.01223,0.18213,0.78783,0.91265
1760,0.52663,0.02290,0.01776,0.01189,0.18157,0.78879,0.91312
1770,0.52804,0.02160,0.01740,0.01186,0.18094,0.78981,0.91376
1780,0.52945,0.02162,0.01735,0.01182,0.18007,0.79076,0.91413
1790,0.53084,0.02263,0.01729,0.01178,0.17922,0.79170,0.91449
1800,0.53223,0.02221,0.01724,0.01175,0.17836,0.79265,0.91485
1810,0.53361,0.02087,0.01719,0.01171,0.17694,0.79416,0.91540
1820,0.53498,0.02102,0.01714,0.01168,0.17579,0.79539,0.91585
1830,0.53634,0.02056,0.01679,0.01164,0.17526,0.79631,0.91640
1840,0.53770,0.01939,0.01644,0.01161,0.17461,0.79735,0.91704
1850,0.53904,0.01941,0.01624,0.01143,0.17396,0.79838,0.91758
1860,0.54038,0.01832,0.01604,0.01124,0.17329,0.79943,0.91812
1870,0.54171,0.01851,0.01599,0.01121,0.17280,0.80000,0.91835
1880,0.54304,0.01799,0.01580,0.01118,0.17213,0.80089,0.91879
1890,0.54435,0.01875,0.01575,0.01115,0.17165,0.80146,0.91902
1900,0.54566,0.01820,0.01571,0.01096,0.17114,0.80219,0.91935
1910,0.54696,0.01804,0.01566,0.01093,0.17004,0.80337,0.91979
1920,0.54826,0.01659,0.01547,0.01090,0.16971,0.80392,0.92011
1930,0.54954,0.01543,0.01542,0.01087,0.16833,0.80538,0.92063
1940,0.55082,0.01465,0.01538,0.01069,0.16755,0.80639,0.92106
1950,0.55210,0.01445,0.01533,0.01066,0.16676,0.80724,0.92138
1960,0.55336,0.01229,0.01529,0.01048,0.16540,0.80882,0.92199
1970,0.55462,0.01013,0.01524,0.01031,0.16463,0.80981,0.92241
1980,0.55587,0.01028,0.01506,0.01028,0.16430,0.81036,0.92272
1990,0.55711,0.00946,0.01501,0.01010,0.16296,0.81192,0.92333
2000,0.55835,0.00959,0.01497,0.01007,0.16220,0.81275,0.92364
2010,0.55958,0.00943,0.01493,0.01005,0.16176,0.81326,0.92385
2020,0.56080,0.00934,0.01488,0.01002,0.16130,0.81380,0.92406
2030,0.56202,0.01001,0.01484,0.00999,0.16027,0.81490,0.92447
2040,0.56322,0.01066,0.01480,0.00996,0.15981,0.81543,0.92468
2050,0.56443,0.01111,0.01476,0.00993,0.15936,0.81595,0.92489
2060,0.56562,0.01003,0.01472,0.00991,0.15862,0.81675,0.92520
2070,0.56681,0.01008,0.01453,0.00988,0.15804,0.81755,0.92559
2080,0.56800,0.01030,0.01449,0.00971,0.15759,0.81821,0.92589
2090,0.56917,0.01164,0.01445,0.00954,0.15659,0.81942,0.92638
2100,0.57034,0.01278,0.01441,0.00951,0.15559,0.82048,0.92676
2110,0.57151,0.01165,0.01437,0.00949,0.15460,0.82154,0.92715
2120,0.57266,0.01164,0.01433,0.00946,0.15417,0.82204,0.92735
2130,0.57381,0.01302,0.01429,0.00944,0.15348,0.82279,0.92764
2140,0.57496,0.01429,0.01425,0.00941,0.15278,0.82355,0.92793
2150,0.57610,0.01480,0.01408,0.00938,0.15222,0.82432,0.92830
2160,0.57723,0.01437,0.01390,0.00936,0.15111,0.82563,0.92886
2170,0.57836,0.01411,0.01386,0.00933,0.15070,0.82610,0.92906
2180,0.57948,0.01505,0.01383,0.00931,0.15031,0.82656,0.92924
2190,0.58059,0.01552,0.01379,0.00928,0.14990,0.82703,0.92943
2200,0.58170,0.01431,0.01361,0.00912,0.14935,0.82791,0.92989
2210,0.58281,0.01420,0.01358,0.00910,0.14895,0.82838,0.93008
2220,0.58390,0.01389,0.01354,0.00894,0.14854,0.82898,0.93036
2230,0.58499,0.01266,0.01323,0.00891,0.14814,0.82971,0.93081
2240,0.58608,0.01372,0.01320,0.00889,0.14776,0.83015,0.93099
2250,0.58716,0.01358,0.01317,0.00873,0.14700,0.83109,0.93143
2260,0.58824,0.01415,0.01313,0.00871,0.14634,0.83181,0.93170
2270,0.58930,0.01499,0.01310,0.00869,0.14597,0.83224,0.93187
2280,0.59037,0.01591,0.01306,0.00867,0.14558,0.83269,0.93205
2290,0.59143,0.01572,0.01303,0.00864,0.14519,0.83313,0.93223
2300,0.59248,0.01653,0.01300,0.00862,0.14456,0.83382,0.93249
2310,0.59353,0.01560,0.01296,0.00860,0.14339,0.83505,0.93293
2320,0.59457,0.01538,0.01280,0.00858,0.14261,0.83602,0.93337
2330,0.59560,0.01552,0.01276,0.00855,0.14224,0.83645,0.93354
2340,0.59663,0.01557,0.01273,0.00853,0.14188,0.83686,0.93371
2350,0.59766,0.01569,0.01270,0.00851,0.14151,0.83728,0.93388
2360,0.59868,0.01715,0.01267,0.00849,0.14116,0.83769,0.93405
2370,0.59970,0.01564,0.01263,0.00847,0.14053,0.83837,0.93430
2380,0.60071,0.01556,0.01260,0.00844,0.13991,0.83905,0.93456
2390,0.60171,0.01394,0.01257,0.00842,0.13927,0.83975,0.93482
2400,0.60271,0.01456,0.01253,0.00840,0.13865,0.84042,0.93507
2410,0.60371,0.01374,0.01250,0.00825,0.13803,0.84122,0.93540
2420,0.60470,0.01364,0.01247,0.00823,0.13771,0.84158,0.93556
2430,0.60568,0.01334,0.01244,0.00821,0.13736,0.84199,0.93572
2440,0.60666,0.01286,0.01241,0.00793,0.13701,0.84265,0.93605
2450,0.60764,0.01272,0.01238,0.00766,0.13640,0.84356,0.93647
2460,0.60861,0.01205,0.01222,0.00751,0.13568,0.84460,0.93696
2470,0.60958,0.01243,0.01219,0.00736,0.13533,0.84512,0.93721
2480,0.61054,0.01157,0.01216,0.00734,0.13473,0.84576,0.93745
2490,0.61149,0.01035,0.01213,0.00733,0.13313,0.84742,0.93802
2500,0.61244,0.01001,0.01210,0.00731,0.13204,0.84856,0.93843
2510,0.61339,0.01001,0.01206,0.00729,0.13121,0.84944,0.93875
2520,0.61433,0.01017,0.01203,0.00727,0.13088,0.84982,0.93890
2530,0.61527,0.01173,0.01200,0.00725,0.13030,0.85044,0.93913
2540,0.61621,0.01240,0.01197,0.00723,0.12997,0.85082,0.93928
2550,0.61713,0.01220,0.01195,0.00722,0.12968,0.85115,0.93942
2560,0.61806,0.01129,0.01192,0.00708,0.12911,0.85189,0.93973
2570,0.61898,0.01177,0.01189,0.00706,0.12879,0.85226,0.93988
2580,0.61989,0.00981,0.01161,0.00692,0.12823,0.85324,0.94044
2590,0.62081,0.00923,0.01158,0.00690,0.12766,0.85385,0.94066
2600,0.62171,0.00934,0.01143,0.00688,0.12747,0.85421,0.94089
2610,0.62261,0.00910,0.01140,0.00687,0.12692,0.85481,0.94111
2620,0.62351,0.00867,0.01138,0.00685,0.12661,0.85517,0.94126
2630,0.62441,0.00842,0.01110,0.00683,0.12654,0.85552,0.94156
2640,0.62530,0.00833,0.01108,0.00682,0.12623,0.85587,0.94170
2650,0.62618,0.00823,0.01105,0.00680,0.12593,0.85622,0.94184
2660,0.62706,0.00676,0.01102,0.00678,0.12538,0.85681,0.94206
2670,0.62794,0.00564,0.01100,0.00677,0.12462,0.85761,0.94235
2680,0.62881,0.00519,0.01085,0.00675,0.12444,0.85795,0.94257
2690,0.62968,0.00405,0.01083,0.00674,0.12366,0.85878,0.94286
2700,0.63055,0.00358,0.01080,0.00660,0.12312,0.85947,0.94316
2710,0.63141,0.00260,0.01077,0.00646,0.12283,0.85993,0.94337
2720,0.63226,0.00162,0.01063,0.00645,0.12254,0.86038,0.94366
2730,0.63312,0.00115,0.01037,0.00643,0.12224,0.86096,0.94403
2740,0.63397,0.00033,0.01022,0.00630,0.12207,0.86140,0.94432
2750,0.63481,0.00095,0.01020,0.00629,0.12180,0.86172,0.94445
2760,0.63565,0.00079,0.01018,0.00627,0.12127,0.86228,0.94466
2770,0.63649,0.00113,0.01003,0.00626,0.12110,0.86261,0.94486
2780,0.63732,0.00039,0.00978,0.00624,0.12119,0.86280,0.94514
2790,0.63815,0.00038,0.00975,0.00623,0.12090,0.86312,0.94527
2800,0.63898,0.00020,0.00973,0.00621,0.12062,0.86344,0.94540
2810,0.63980,0.00103,0.00971,0.00620,0.12034,0.86376,0.94553
2820,0.64062,0.00117,0.00968,0.00618,0.11959,0.86454,0.94581
2830,0.64143,0.00131,0.00966,0.00617,0.11931,0.86486,0.94593
2840,0.64224,0.00094,0.00964,0.00615,0.11880,0.86540,0.94613
2850,0.64305,0.00074,0.00962,0.00614,0.11853,0.86572,0.94626
2860,0.64385,0.00136,0.00959,0.00613,0.11825,0.86603,0.94638
2870,0.64465,0.00197,0.00957,0.00611,0.11798,0.86634,0.94650
2880,0.64545,0.00225,0.00955,0.00610,0.11748,0.86687,0.94670
2890,0.64624,0.00235,0.00953,0.00608,0.11698,0.86741,0.94690
2900,0.64703,0.00178,0.00951,0.00607,0.11671,0.86771,0.94702
2910,0.64782,0.00022,0.00937,0.00594,0.11656,0.86813,0.94729
2920,0.64860,0.00047,0.00935,0.00593,0.11629,0.86843,0.94741
2930,0.64938,0.00039,0.00933,0.00592,0.11603,0.86873,0.94753
2940,0.65015,0.08079,0.00931,0.00590,0.11578,0.86901,0.94764
2950,0.65093,0.08133,0.00929,0.00589,0.11552,0.86931,0.94776
2960,0.65170,0.08285,0.00927,0.00588,0.11503,0.86983,0.94795
2970,0.65246,0.08017,0.00925,0.00586,0.11456,0.87033,0.94814
2980,0.65322,0.08108,0.00922,0.00585,0.11407,0.87085,0.94833
2990,0.65398,0.08080,0.00909,0.00584,0.11371,0.87137,0.94859
3000,0.65474,0.08091,0.00907,0.00582,0.11300,0.87210,0.94885
3010,0.65549,0.08081,0.00905,0.00581,0.11253,0.87261,0.94904
3020,0.65624,0.08129,0.00881,0.00580,0.11250,0.87290,0.94930
3030,0.65698,0.08315,0.00879,0.00578,0.11225,0.87318,0.94941
3040,0.65772,0.08481,0.00877,0.00577,0.11200,0.87346,0.94952
3050,0.65846,0.08684,0.00875,0.00576,0.11153,0.87396,0.94971
3060,0.65920,0.08563,0.00873,0.00575,0.11084,0.87468,0.94996
3070,0.65993,0.08777,0.00871,0.00574,0.11062,0.87493,0.95007
3080,0.66066,0.08701,0.00869,0.00572,0.10994,0.87565,0.95032
3090,0.66139,0.08741,0.00867,0.00571,0.10948,0.87614,0.95050
3100,0.66211,0.08720,0.00866,0.00570,0.10858,0.87707,0.95083
3110,0.66283,0.08814,0.00864,0.00568,0.10812,0.87756,0.95100
3120,0.66355,0.08869,0.00862,0.00567,0.10789,0.87782,0.95111
3130,0.66426,0.08878,0.00860,0.00566,0.10745,0.87829,0.95128
3140,0.66497,0.08815,0.00858,0.00565,0.10721,0.87856,0.95139
3150,0.66568,0.09002,0.00856,0.00564,0.10698,0.87882,0.95149
3160,0.66639,0.09071,0.00854,0.00562,0.10675,0.87908,0.95160
3170,0.66709,0.08906,0.00853,0.00561,0.10631,0.87955,0.95177
3180,0.66779,0.08838,0.00819,0.00560,0.10641,0.87981,0.95209
3190,0.66848,0.08877,0.00795,0.00559,0.10596,0.88049,0.95247
3200,0.66918,0.08958,0.00794,0.00558,0.10552,0.88097,0.95264
3210,0.66987,0.09118,0.00792,0.00546,0.10530,0.88133,0.95282
3220,0.67055,0.08930,0.00790,0.00545,0.10486,0.88179,0.95299
3230,0.67124,0.08984,0.00788,0.00543,0.10452,0.88216,0.95316
3240,0.67192,0.09169,0.00787,0.00542,0.10430,0.88242,0.95326
3250,0.67260,0.09301,0.00785,0.00541,0.10407,0.88266,0.95336
3260,0.67328,0.09351,0.00773,0.00529,0.10396,0.88302,0.95359
3270,0.67395,0.09471,0.00771,0.00528,0.10374,0.88327,0.95369
3280,0.67462,0.09671,0.00770,0.00527,0.10352,0.88351,0.95379
3290,0.67529,0.09679,0.00768,0.00526,0.10330,0.88376,0.95388
3300,0.67595,0.09542,0.00766,0.00525,0.10309,0.88400,0.95398
3310,0.67661,0.09508,0.00754,0.00524,0.10279,0.88443,0.95421
3320,0.67727,0.09362,0.00742,0.00491,0.10268,0.88499,0.95458
3330,0.67793,0.09254,0.00730,0.00490,0.10236,0.88543,0.95481
3340,0.67859,0.09186,0.00729,0.00489,0.10214,0.88567,0.95491
3350,0.67924,0.09084,0.00727,0.00488,0.10172,0.88612,0.95507
3360,0.67989,0.09082,0.00715,0.00487,0.10162,0.88635,0.95523
3370,0.68053,0.09088,0.00714,0.00486,0.10141,0.88659,0.95532
3380,0.68118,0.09194,0.00713,0.00485,0.10120,0.88682,0.95541
3390,0.68182,0.09221,0.00701,0.00484,0.10089,0.88726,0.95564
3400,0.68246,0.09135,0.00699,0.00483,0.10047,0.88770,0.95580
3410,0.68309,0.09176,0.00698,0.00482,0.10006,0.88814,0.95596
3420,0.68373,0.09036,0.00686,0.00461,0.09955,0.88898,0.95638
3430,0.68436,0.08992,0.00675,0.00450,0.09945,0.88931,0.95661
3440,0.68499,0.09242,0.00663,0.00449,0.09935,0.88953,0.95676
3450,0.68561,0.09261,0.00662,0.00448,0.09914,0.88976,0.95685
3460,0.68624,0.09346,0.00660,0.00447,0.09894,0.88998,0.95694
3470,0.68686,0.09413,0.00659,0.00446,0.09834,0.89061,0.95716
3480,0.68748,0.09100,0.00658,0.00445,0.09794,0.89104,0.95731
3490,0.68809,0.09232,0.00656,0.00444,0.09774,0.89126,0.95740
3500,0.68871,0.09398,0.00655,0.00443,0.09754,0.89148,0.95748
3510,0.68932,0.09563,0.00654,0.00442,0.09735,0.89169,0.95757
3520,0.68993,0.09691,0.00652,0.00442,0.09695,0.89211,0.95772
3530,0.69053,0.09904,0.00651,0.00441,0.09675,0.89233,0.95780
3540,0.69114,0.09752,0.00640,0.00440,0.09646,0.89274,0.95802
3550,0.69174,0.09645,0.00638,0.00429,0.09607,0.89326,0.95823
3560,0.69234,0.09608,0.00627,0.00418,0.09618,0.89337,0.95838
3570,0.69293,0.09581,0.00626,0.00417,0.09599,0.89358,0.95846
3580,0.69353,0.09124,0.00625,0.00417,0.09560,0.89399,0.95861
3590,0.69412,0.09229,0.00624,0.00416,0.09521,0.89440,0.95876
3600,0.69471,0.09400,0.00622,0.00415,0.09502,0.89461,0.95884
3610,0.69530,0.09233,0.00621,0.00414,0.09424,0.89541,0.95911
3620,0.69589,0.08972,0.00620,0.00413,0.09406,0.89561,0.95919
3630,0.69647,0.08922,0.00619,0.00412,0.09348,0.89621,0.95940
3640,0.69705,0.09029,0.00617,0.00412,0.09330,0.89641,0.95948
3650,0.69763,0.08878,0.00606,0.00411,0.09321,0.89662,0.95962
3660,0.69821,0.08984,0.00605,0.00410,0.09303,0.89682,0.95970
3670,0.69878,0.09173,0.00604,0.00409,0.09285,0.89702,0.95978
3680,0.69935,0.09217,0.00603,0.00408,0.09247,0.89741,0.95992
3690,0.69992,0.09283,0.00602,0.00408,0.09229,0.89761,0.96000
3700,0.70049,0.09210,0.00601,0.00407,0.09212,0.89781,0.96008
3710,0.70106,0.08832,0.00599,0.00406,0.09155,0.89840,0.96028
3720,0.70162,0.08594,0.00598,0.00405,0.09129,0.89868,0.96042
3730,0.70218,0.08473,0.00597,0.00405,0.09073,0.89925,0.96062
3740,0.70274,0.08286,0.00596,0.00385,0.09017,0.90002,0.96095
3750,0.70330,0.08389,0.00595,0.00384,0.09000,0.90021,0.96102
3760,0.70386,0.08352,0.00594,0.00383,0.08964,0.90059,0.96116
3770,0.70441,0.08285,0.00593,0.00382,0.08908,0.90117,0.96136
3780,0.70496,0.08413,0.00591,0.00382,0.08853,0.90174,0.96156
3790,0.70551,0.08358,0.00590,0.00381,0.08798,0.90230,0.96176
3800,0.70606,0.08427,0.00589,0.00371,0.08782,0.90259,0.96189
3810,0.70660,0.08398,0.00579,0.00370,0.08755,0.90296,0.96209
3820,0.70715,0.08423,0.00578,0.00369,0.08720,0.90333,0.96223
3830,0.70769,0.08109,0.00577,0.00369,0.08685,0.90370,0.96236
3840,0.70823,0.08162,0.00575,0.00368,0.08650,0.90407,0.96249
3850,0.70876,0.08085,0.00574,0.00358,0.08634,0.90434,0.96262
3860,0.70930,0.08179,0.00573,0.00357,0.08618,0.90452,0.96269
3870,0.70983,0.08227,0.00572,0.00356,0.08601,0.90470,0.96276
3880,0.71036,0.08348,0.00571,0.00356,0.08585,0.90488,0.96283
3890,0.71089,0.08410,0.00561,0.00346,0.08579,0.90515,0.96302
3900,0.71142,0.08359,0.00560,0.00345,0.08563,0.90533,0.96309
3910,0.71194,0.08502,0.00559,0.00344,0.08547,0.90550,0.96316
3920,0.71247,0.08647,0.00558,0.00344,0.08532,0.90567,0.96322
3930,0.71299,0.08792,0.00557,0.00343,0.08516,0.90584,0.96329
3940,0.71351,0.08779,0.00556,0.00343,0.08500,0.90602,0.96336
3950,0.71403,0.08851,0.00555,0.00342,0.08466,0.90638,0.96349
3960,0.71454,0.08913,0.00554,0.00341,0.08450,0.90655,0.96356
3970,0.71506,0.08925,0.00552,0.00341,0.08435,0.90672,0.96362
3980,0.71557,0.09013,0.00551,0.00340,0.08419,0.90689,0.96369
3990,0.71608,0.08942,0.00551,0.00339,0.08404,0.90706,0.96375
4000,0.71659,0.09057,0.00550,0.00339,0.08371,0.90741,0.96388
4010,0.71710,0.08853,0.00539,0.00329,0.08346,0.90785,0.96413
4020,0.71760,0.08920,0.00538,0.00328,0.08331,0.90802,0.96419
4030,0.71810,0.08654,0.00537,0.00328,0.08279,0.90855,0.96438
4040,0.71861,0.08800,0.00536,0.00327,0.08264,0.90872,0.96444
4050,0.71911,0.08712,0.00526,0.00327,0.08240,0.90907,0.96462
4060,0.71960,0.08863,0.00525,0.00326,0.08225,0.90923,0.96469
4070,0.72010,0.08861,0.00524,0.00326,0.08211,0.90940,0.96475
4080,0.72059,0.08971,0.00524,0.00325,0.08196,0.90956,0.96481
4090,0.72109,0.09007,0.00523,0.00324,0.08182,0.90971,0.96488
4100,0.72158,0.08844,0.00522,0.00324,0.08167,0.90988,0.96494
4110,0.72207,0.09014,0.00521,0.00323,0.08152,0.91004,0.96500
4120,0.72255,0.09022,0.00520,0.00323,0.08120,0.91038,0.96512
4130,0.72304,0.08960,0.00519,0.00322,0.08069,0.91090,0.96530
4140,0.72352,0.08844,0.00518,0.00321,0.08001,0.91159,0.96554
4150,0.72401,0.08889,0.00508,0.00321,0.07978,0.91193,0.96572
4160,0.72449,0.08810,0.00507,0.00320,0.07947,0.91225,0.96584
4170,0.72497,0.08841,0.00506,0.00320,0.07933,0.91241,0.96590
4180,0.72544,0.08721,0.00497,0.00319,0.07928,0.91257,0.96602
4190,0.72592,0.08838,0.00496,0.00319,0.07914,0.91272,0.96608
4200,0.72639,0.09068,0.00495,0.00318,0.07900,0.91287,0.96614
4210,0.72686,0.09084,0.00485,0.00318,0.07895,0.91303,0.96625
4220,0.72734,0.09136,0.00484,0.00317,0.07881,0.91318,0.96631
4230,0.72780,0.08962,0.00475,0.00316,0.07841,0.91368,0.96654
4240,0.72827,0.09075,0.00474,0.00316,0.07827,0.91383,0.96660
4250,0.72874,0.09124,0.00473,0.00315,0.07814,0.91398,0.96666
4260,0.72920,0.09186,0.00472,0.00315,0.07801,0.91412,0.96672
4270,0.72967,0.09259,0.00471,0.00314,0.07787,0.91427,0.96677
4280,0.73013,0.08977,0.00462,0.00314,0.07765,0.91460,0.96695
4290,0.73059,0.08810,0.00461,0.00313,0.07734,0.91492,0.96706
4300,0.73104,0.08666,0.00460,0.00313,0.07720,0.91507,0.96712
4310,0.73150,0.08610,0.00459,0.00312,0.07672,0.91556,0.96729
4320,0.73196,0.08464,0.00450,0.00312,0.07668,0.91571,0.96740
4330,0.73241,0.08058,0.00449,0.00302,0.07638,0.91611,0.96757
4340,0.73286,0.08213,0.00449,0.00302,0.07625,0.91625,0.96763
4350,0.73331,0.08176,0.00448,0.00301,0.07612,0.91639,0.96768
4360,0.73376,0.08175,0.00447,0.00301,0.07564,0.91688,0.96785
4370,0.73421,0.08083,0.00446,0.00300,0.07551,0.91702,0.96791
4380,0.73465,0.08288,0.00445,0.00300,0.07538,0.91717,0.96796
4390,0.73510,0.08178,0.00445,0.00299,0.07526,0.91730,0.96801
4400,0.73554,0.07970,0.00444,0.00299,0.07496,0.91761,0.96812
4410,0.73598,0.08127,0.00443,0.00298,0.07483,0.91775,0.96818
4420,0.73642,0.08195,0.00442,0.00298,0.07470,0.91789,0.96823
4430,0.73686,0.08097,0.00442,0.00289,0.07407,0.91863,0.96851
4440,0.73730,0.07896,0.00432,0.00288,0.07386,0.91893,0.96868
4450,0.73773,0.08008,0.00432,0.00288,0.07356,0.91924,0.96879
4460,0.73817,0.08085,0.00431,0.00287,0.07344,0.91937,0.96884
4470,0.73860,0.08175,0.00430,0.00287,0.07332,0.91951,0.96889
4480,0.73903,0.08014,0.00421,0.00286,0.07328,0.91964,0.96900
4490,0.73946,0.08192,0.00420,0.00286,0.07316,0.91978,0.96905
4500,0.73989,0.08165,0.00420,0.00285,0.07287,0.92008,0.96915
4510,0.74032,0.08286,0.00419,0.00285,0.07275,0.92021,0.96921
4520,0.74074,0.08395,0.00418,0.00284,0.07262,0.92035,0.96926
4530,0.74116,0.08082,0.00418,0.00284,0.07234,0.92065,0.96936
4540,0.74159,0.07962,0.00417,0.00284,0.07222,0.92077,0.96941
4550,0.74201,0.07498,0.00416,0.00283,0.07160,0.92141,0.96963
4560,0.74243,0.07628,0.00416,0.00283,0.07148,0.92154,0.96968
4570,0.74285,0.07697,0.00415,0.00282,0.07120,0.92183,0.96978
4580,0.74327,0.07857,0.00414,0.00282,0.07108,0.92196,0.96983
4590,0.74368,0.07962,0.00414,0.00281,0.07096,0.92209,0.96988
4600,0.74410,0.07915,0.00413,0.00281,0.07051,0.92255,0.97004
4610,0.74451,0.08044,0.00412,0.00280,0.07040,0.92268,0.97009
4620,0.74492,0.08228,0.00411,0.00280,0.07028,0.92280,0.97014
4630,0.74533,0.08260,0.00411,0.00279,0.06984,0.92326,0.97030
4640,0.74574,0.08433,0.00410,0.00279,0.06972,0.92339,0.97035
4650,0.74615,0.08475,0.00401,0.00278,0.06953,0.92368,0.97050
4660,0.74656,0.08354,0.00401,0.00278,0.06925,0.92396,0.97060
4670,0.74696,0.08526,0.00400,0.00278,0.06914,0.92408,0.97065
4680,0.74737,0.08392,0.00399,0.00277,0.06887,0.92437,0.97075
4690,0.74777,0.08431,0.00399,0.00277,0.06859,0.92465,0.97085
4700,0.74817,0.08295,0.00398,0.00276,0.06848,0.92478,0.97090
4710,0.74857,0.08072,0.00397,0.00276,0.06837,0.92490,0.97095
4720,0.74897,0.08098,0.00397,0.00275,0.06826,0.92502,0.97099
4730,0.74937,0.08060,0.00396,0.00275,0.06799,0.92530,0.97109
4740,0.74976,0.08157,0.00396,0.00274,0.06772,0.92558,0.97119
4750,0.75016,0.08130,0.00395,0.00274,0.06729,0.92602,0.97134
4760,0.75055,0.07925,0.00386,0.00274,0.06710,0.92630,0.97150
4770,0.75094,0.07979,0.00386,0.00273,0.06683,0.92658,0.97160
4780,0.75134,0.08084,0.00385,0.00273,0.06673,0.92670,0.97164
4790,0.75173,0.08178,0.00384,0.00272,0.06646,0.92698,0.97174
4800,0.75212,0.08126,0.00384,0.00272,0.06635,0.92709,0.97178
4810,0.75250,0.08145,0.00383,0.00271,0.06625,0.92721,0.97183
4820,0.75289,0.08322,0.00383,0.00271,0.06614,0.92732,0.97187
4830,0.75328,0.08310,0.00382,0.00263,0.06604,0.92752,0.97197
4840,0.75366,0.08318,0.00381,0.00262,0.06577,0.92779,0.97207
4850,0.75404,0.08221,0.00381,0.00262,0.06567,0.92791,0.97211
4860,0.75442,0.07976,0.00380,0.00261,0.06525,0.92834,0.97226
4870,0.75480,0.07918,0.00379,0.00261,0.06499,0.92861,0.97236
4880,0.75518,0.08007,0.00379,0.00260,0.06488,0.92872,0.97240
4890,0.75556,0.07684,0.00378,0.00260,0.06447,0.92915,0.97255
4900,0.75594,0.07877,0.00378,0.00260,0.06436,0.92926,0.97259
4910,0.75632,0.07955,0.00377,0.00259,0.06426,0.92937,0.97263
4920,0.75669,0.08032,0.00377,0.00259,0.06416,0.92948,0.97268
4930,0.75706,0.07674,0.00376,0.00251,0.06406,0.92967,0.97277
4940,0.75744,0.07324,0.00375,0.00242,0.06380,0.93002,0.97292
4950,0.75781,0.07314,0.00375,0.00242,0.06339,0.93044,0.97306
4960,0.75818,0.07389,0.00374,0.00242,0.06329,0.93055,0.97310
4970,0.75855,0.07358,0.00366,0.00241,0.06327,0.93066,0.97320
4980,0.75891,0.07251,0.00365,0.00241,0.06302,0.93092,0.97329
4990,0.75928,0.07451,0.00365,0.00241,0.06293,0.93102,0.97333
5000,0.75965,0.07020,0.00364,0.00240,0.06268,0.93127,0.97342
