new_seeds_number,new_seeds_frac,omega,j0,j1,j2,j3,HAGBs_frac
100,0.05945,0.03072,0.06658,0.05595,0.46858,0.40888,0.73975
200,0.11223,0.04055,0.05829,0.04887,0.43951,0.45334,0.76226
300,0.15940,0.03510,0.05369,0.04451,0.40362,0.49819,0.78159
400,0.20182,0.02001,0.04772,0.04060,0.37991,0.53177,0.79806
500,0.24015,0.01700,0.04411,0.03684,0.35213,0.56692,0.81338
600,0.27498,0.00895,0.03894,0.03392,0.33134,0.59580,0.82739
700,0.30675,0.01647,0.03627,0.02943,0.31136,0.62295,0.83961
800,0.33585,0.01912,0.03319,0.02751,0.29258,0.64672,0.85017
900,0.36261,0.02013,0.03078,0.02513,0.27617,0.66792,0.85958
1000,0.38730,0.01927,0.02876,0.02353,0.26121,0.68651,0.86762
1100,0.41014,0.02229,0.02707,0.02127,0.25039,0.70128,0.87444
1200,0.43134,0.02292,0.02533,0.02011,0.23929,0.71527,0.88063
1300,0.45108,0.02773,0.02352,0.01813,0.22693,0.73142,0.88782
1400,0.46948,0.03583,0.02132,0.01698,0.21750,0.74419,0.89395
1500,0.48670,0.03447,0.02062,0.01576,0.20637,0.75725,0.89929
1600,0.50283,0.02971,0.01946,0.01411,0.19724,0.76918,0.90456
1700,0.51798,0.02622,0.01823,0.01351,0.18887,0.77938,0.90897
1800,0.53223,0.02664,0.01738,0.01265,0.18216,0.78780,0.91268
1900,0.54566,0.02636,0.01657,0.01199,0.17431,0.79713,0.91659
2000,0.55835,0.02775,0.01567,0.01136,0.16688,0.80609,0.92038
2100,0.57034,0.02199,0.01440,0.01076,0.16198,0.81286,0.92377
2200,0.58170,0.01557,0.01346,0.00993,0.15517,0.82143,0.92752
2300,0.59248,0.01439,0.01245,0.00927,0.14882,0.82947,0.93108
2400,0.60271,0.01068,0.01174,0.00865,0.14413,0.83548,0.93377
2500,0.61244,0.01135,0.01132,0.00830,0.13738,0.84300,0.93666
2600,0.62171,0.00692,0.01080,0.00773,0.13276,0.84871,0.93918
2700,0.63055,0.00656,0.01030,0.00743,0.12843,0.85384,0.94132
2800,0.63898,0.00455,0.00960,0.00679,0.12415,0.85947,0.94392
2900,0.64703,0.00267,0.00926,0.00652,0.12007,0.86415,0.94579
3000,0.65474,0.00037,0.00906,0.00637,0.11515,0.86942,0.94773
3100,0.66211,0.08055,0.00875,0.00602,0.11134,0.87389,0.94958
3200,0.66918,0.08395,0.00824,0.00567,0.10845,0.87764,0.95128
3300,0.67595,0.08205,0.00786,0.00535,0.10558,0.88121,0.95284
3400,0.68246,0.07824,0.00750,0.00524,0.10097,0.88630,0.95488
3500,0.68871,0.07569,0.00715,0.00513,0.09694,0.89078,0.95664
3600,0.69471,0.07649,0.00661,0.00493,0.09395,0.89450,0.95834
3700,0.70049,0.08275,0.00629,0.00484,0.09174,0.89713,0.95946
3800,0.70606,0.09504,0.00589,0.00475,0.08973,0.89964,0.96060
3900,0.71142,0.09879,0.00568,0.00457,0.08685,0.90290,0.96188
4000,0.71659,0.10015,0.00549,0.00448,0.08409,0.90594,0.96305
4100,0.72158,0.09583,0.00521,0.00422,0.08169,0.90887,0.96430
4200,0.72639,0.09808,0.00512,0.00406,0.07941,0.91140,0.96533
4300,0.73104,0.10484,0.00495,0.00391,0.07830,0.91285,0.96598
4400,0.73554,0.10412,0.00452,0.00384,0.07578,0.91586,0.96729
4500,0.73989,0.10392,0.00436,0.00369,0.07378,0.91816,0.96821
4600,0.74410,0.10494,0.00421,0.00355,0.07159,0.92064,0.96922
4700,0.74817,0.10468,0.00414,0.00349,0.06971,0.92265,0.96998
4800,0.75212,0.10567,0.00408,0.00344,0.06812,0.92436,0.97062
4900,0.75594,0.11136,0.00401,0.00331,0.06597,0.92671,0.97149
5000,0.75965,0.11183,0.00395,0.00318,0.06448,0.92839,0.97213
5100,0.76324,0.11448,0.00382,0.00305,0.06266,0.93047,0.97296
5200,0.76674,0.11671,0.00376,0.00301,0.06082,0.93242,0.97366
5300,0.77012,0.11831,0.00370,0.00296,0.05888,0.93445,0.97439
5400,0.77342,0.11996,0.00365,0.00285,0.05730,0.93620,0.97505
5500,0.77662,0.11977,0.00353,0.00281,0.05599,0.93768,0.97564
5600,0.77973,0.12040,0.00348,0.00277,0.05491,0.93884,0.97608
5700,0.78275,0.12399,0.00343,0.00259,0.05387,0.94011,0.97659
5800,0.78569,0.11677,0.00338,0.00255,0.05189,0.94218,0.97732
5900,0.78856,0.11711,0.00333,0.00252,0.05091,0.94324,0.97772
6000,0.79135,0.11667,0.00329,0.00242,0.04970,0.94459,0.97824
6100,0.79406,0.11727,0.00305,0.00225,0.04871,0.94599,0.97892
6200,0.79671,0.11615,0.00301,0.00216,0.04742,0.94741,0.97945
6300,0.79929,0.10866,0.00284,0.00200,0.04681,0.94835,0.97993
6400,0.80180,0.11403,0.00280,0.00191,0.04621,0.94907,0.98023
6500,0.80426,0.12114,0.00277,0.00189,0.04551,0.94984,0.98052
6600,0.80665,0.11296,0.00242,0.00186,0.04438,0.95133,0.98125
6700,0.80898,0.11715,0.00239,0.00178,0.04335,0.95248,0.98168
6800,0.81126,0.12552,0.00237,0.00176,0.04271,0.95317,0.98194
6900,0.81349,0.12192,0.00234,0.00162,0.04172,0.95433,0.98240
7000,0.81566,0.11736,0.00213,0.00160,0.04105,0.95522,0.98284
7100,0.81778,0.11216,0.00205,0.00152,0.04004,0.95639,0.98331
7200,0.81986,0.11629,0.00203,0.00150,0.03958,0.95689,0.98350
7300,0.82189,0.11231,0.00200,0.00149,0.03879,0.95772,0.98380
7400,0.82387,0.11176,0.00192,0.00147,0.03762,0.95899,0.98428
7500,0.82581,0.11488,0.00190,0.00145,0.03708,0.95956,0.98449
7600,0.82771,0.11304,0.00183,0.00138,0.03651,0.96028,0.98481
7700,0.82956,0.10759,0.00170,0.00137,0.03589,0.96104,0.98516
7800,0.83138,0.10408,0.00168,0.00130,0.03540,0.96162,0.98539
7900,0.83316,0.09865,0.00161,0.00123,0.03433,0.96284,0.98586
8000,0.83490,0.10181,0.00159,0.00122,0.03396,0.96323,0.98601
8100,0.83660,0.10384,0.00157,0.00115,0.03341,0.96387,0.98626
8200,0.83827,0.10589,0.00145,0.00109,0.03295,0.96450,0.98657
8300,0.83991,0.10350,0.00144,0.00108,0.03179,0.96569,0.98698
8400,0.84151,0.10820,0.00142,0.00107,0.03117,0.96634,0.98722
8500,0.84309,0.10772,0.00141,0.00106,0.03075,0.96678,0.98738
8600,0.84463,0.10446,0.00140,0.00100,0.03030,0.96731,0.98760
8700,0.84614,0.10805,0.00133,0.00099,0.02985,0.96783,0.98782
8800,0.84762,0.11198,0.00132,0.00098,0.02946,0.96824,0.98797
8900,0.84907,0.10757,0.00131,0.00092,0.02908,0.96869,0.98815
9000,0.85050,0.10190,0.00125,0.00086,0.02847,0.96942,0.98846
9100,0.85190,0.09010,0.00123,0.00085,0.02782,0.97009,0.98869
9200,0.85327,0.08911,0.00122,0.00085,0.02746,0.97047,0.98883
9300,0.85462,0.08297,0.00116,0.00075,0.02679,0.97130,0.98918
9400,0.85595,0.08470,0.00115,0.00074,0.02626,0.97184,0.98937
9500,0.85725,0.08545,0.00114,0.00073,0.02575,0.97237,0.98956
9600,0.85852,0.08658,0.00113,0.00073,0.02525,0.97290,0.98974
9700,0.85978,0.08488,0.00112,0.00067,0.02475,0.97345,0.98995
9800,0.86101,0.08704,0.00111,0.00067,0.02453,0.97369,0.99004
9900,0.86222,0.08074,0.00110,0.00066,0.02396,0.97428,0.99025
10000,0.86341,0.07909,0.00109,0.00066,0.02358,0.97467,0.99039
10100,0.86458,0.07721,0.00104,0.00065,0.02316,0.97515,0.99059
10200,0.86573,0.08200,0.00103,0.00064,0.02287,0.97545,0.99070
10300,0.86686,0.08481,0.00102,0.00064,0.02242,0.97592,0.99086
10400,0.86797,0.09241,0.00101,0.00063,0.02223,0.97612,0.99094
10500,0.86906,0.08481,0.00101,0.00063,0.02179,0.97657,0.99110
10600,0.87014,0.08223,0.00100,0.00062,0.02145,0.97693,0.99123
10700,0.87119,0.07456,0.00095,0.00062,0.02107,0.97737,0.99141
10800,0.87223,0.07216,0.00094,0.00061,0.02065,0.97780,0.99156
10900,0.87326,0.07584,0.00093,0.00057,0.02048,0.97802,0.99165
11000,0.87426,0.07115,0.00084,0.00052,0.02032,0.97832,0.99183
11100,0.87526,0.06837,0.00084,0.00052,0.02000,0.97865,0.99194
11200,0.87623,0.06998,0.00083,0.00051,0.01960,0.97905,0.99209
11300,0.87719,0.06987,0.00082,0.00051,0.01929,0.97938,0.99220
11400,0.87814,0.07127,0.00082,0.00051,0.01890,0.97977,0.99234
11500,0.87907,0.06981,0.00081,0.00050,0.01876,0.97993,0.99240
11600,0.87999,0.07448,0.00081,0.00050,0.01846,0.98023,0.99251
11700,0.88089,0.07024,0.00076,0.00050,0.01828,0.98046,0.99261
11800,0.88178,0.07162,0.00076,0.00049,0.01807,0.98068,0.99269
11900,0.88266,0.06902,0.00075,0.00049,0.01771,0.98105,0.99282
12000,0.88352,0.06642,0.00074,0.00048,0.01750,0.98127,0.99290
12100,0.88437,0.06154,0.00074,0.00048,0.01715,0.98163,0.99303
12200,0.88521,0.05821,0.00073,0.00048,0.01695,0.98184,0.99310
12300,0.88604,0.05307,0.00058,0.00047,0.01690,0.98204,0.99327
12400,0.88685,0.04957,0.00058,0.00047,0.01664,0.98231,0.99337
12500,0.88766,0.04620,0.00054,0.00043,0.01648,0.98255,0.99349
12600,0.88845,0.05182,0.00053,0.00043,0.01637,0.98267,0.99354
12700,0.88923,0.05361,0.00053,0.00042,0.01618,0.98286,0.99360
12800,0.89000,0.04966,0.00053,0.00042,0.01593,0.98313,0.99370
12900,0.89076,0.04915,0.00052,0.00042,0.01568,0.98338,0.99379
13000,0.89151,0.05056,0.00052,0.00042,0.01550,0.98357,0.99385
13100,0.89225,0.04818,0.00052,0.00041,0.01532,0.98375,0.99392
13200,0.89298,0.04730,0.00051,0.00041,0.01515,0.98393,0.99398
13300,0.89370,0.04673,0.00051,0.00041,0.01484,0.98424,0.99409
13400,0.89441,0.04417,0.00051,0.00040,0.01461,0.98448,0.99417
13500,0.89511,0.04713,0.00050,0.00040,0.01444,0.98465,0.99423
13600,0.89580,0.03419,0.00050,0.00040,0.01405,0.98505,0.99438
13700,0.89648,0.03304,0.00050,0.00040,0.01376,0.98535,0.99449
13800,0.89715,0.02605,0.00049,0.00039,0.01360,0.98551,0.99454
13900,0.89782,0.02274,0.00049,0.00036,0.01345,0.98570,0.99462
14000,0.89847,0.01485,0.00049,0.00036,0.01304,0.98612,0.99476
14100,0.89912,0.01074,0.00048,0.00035,0.01282,0.98634,0.99484
14200,0.89976,0.01324,0.00048,0.00035,0.01274,0.98643,0.99487
14300,0.90039,0.01159,0.00045,0.00035,0.01260,0.98661,0.99497
14400,0.90101,0.01172,0.00044,0.00035,0.01233,0.98688,0.99506
14500,0.90163,0.00777,0.00044,0.00035,0.01219,0.98703,0.99512
14600,0.90224,0.00121,0.00044,0.00034,0.01199,0.98723,0.99519
14700,0.90284,0.00531,0.00043,0.00034,0.01191,0.98731,0.99522
14800,0.90343,0.00707,0.00043,0.00034,0.01184,0.98739,0.99525
14900,0.90402,0.00659,0.00043,0.00034,0.01165,0.98759,0.99532
15000,0.90460,-0.00465,0.00040,0.00034,0.01127,0.98800,0.99549
15100,0.90517,-0.00741,0.00039,0.00033,0.01102,0.98825,0.99557
15200,0.90573,-0.01245,0.00039,0.00033,0.01089,0.98838,0.99562
15300,0.90629,-0.02209,0.00039,0.00033,0.01053,0.98875,0.99575
15400,0.90684,-0.02272,0.00039,0.00033,0.01041,0.98888,0.99579
15500,0.90739,-0.01948,0.00038,0.00033,0.01035,0.98894,0.99582
15600,0.90793,-0.01582,0.00038,0.00032,0.01029,0.98901,0.99584
15700,0.90846,-0.02122,0.00038,0.00032,0.01011,0.98919,0.99590
15800,0.90899,-0.02716,0.00038,0.00029,0.00996,0.98937,0.99598
15900,0.90951,-0.02632,0.00038,0.00029,0.00991,0.98943,0.99601
16000,0.91002,-0.03225,0.00037,0.00029,0.00979,0.98955,0.99605
16100,0.91053,-0.03134,0.00037,0.00029,0.00974,0.98961,0.99607
16200,0.91103,-0.02581,0.00037,0.00028,0.00968,0.98966,0.99609
16300,0.91153,-0.02021,0.00037,0.00028,0.00963,0.98972,0.99612
16400,0.91202,-0.02649,0.00036,0.00028,0.00941,0.98995,0.99619
16500,0.91251,-0.02387,0.00036,0.00028,0.00930,0.99006,0.99623
16600,0.91299,-0.03031,0.00036,0.00028,0.00925,0.99012,0.99625
16700,0.91347,-0.03444,0.00033,0.00028,0.00922,0.99017,0.99629
16800,0.91394,-0.03901,0.00033,0.00025,0.00912,0.99031,0.99635
16900,0.91440,-0.04093,0.00033,0.00025,0.00907,0.99036,0.99637
17000,0.91486,-0.04316,0.00033,0.00024,0.00896,0.99047,0.99641
17100,0.91532,-0.04782,0.00032,0.00022,0.00892,0.99054,0.99644
17200,0.91577,-0.04517,0.00032,0.00021,0.00887,0.99059,0.99646
17300,0.91622,-0.04515,0.00032,0.00021,0.00882,0.99064,0.99648
17400,0.91666,-0.04009,0.00032,0.00021,0.00877,0.99069,0.99650
17500,0.91709,-0.03754,0.00032,0.00021,0.00873,0.99074,0.99652
17600,0.91753,-0.04494,0.00032,0.00021,0.00855,0.99092,0.99659
17700,0.91795,-0.04245,0.00031,0.00021,0.00851,0.99097,0.99661
17800,0.91838,-0.04003,0.00031,0.00021,0.00846,0.99102,0.99663
17900,0.91880,-0.04022,0.00031,0.00021,0.00837,0.99112,0.99666
18000,0.91921,-0.03779,0.00031,0.00021,0.00827,0.99121,0.99669
18100,0.91962,-0.03542,0.00031,0.00021,0.00823,0.99126,0.99671
18200,0.92003,-0.03569,0.00031,0.00020,0.00819,0.99130,0.99673
18300,0.92043,-0.04126,0.00030,0.00020,0.00804,0.99145,0.99678
18400,0.92083,-0.04445,0.00030,0.00020,0.00795,0.99154,0.99681
18500,0.92122,-0.04759,0.00025,0.00020,0.00796,0.99158,0.99686
18600,0.92161,-0.04527,0.00025,0.00020,0.00792,0.99163,0.99688
18700,0.92200,-0.04319,0.00025,0.00020,0.00788,0.99167,0.99689
18800,0.92238,-0.03861,0.00025,0.00020,0.00785,0.99171,0.99691
18900,0.92276,-0.03655,0.00025,0.00020,0.00781,0.99175,0.99692
19000,0.92314,-0.03728,0.00025,0.00020,0.00774,0.99181,0.99695
19100,0.92351,-0.03790,0.00024,0.00020,0.00766,0.99190,0.99698
19200,0.92388,-0.04410,0.00024,0.00019,0.00748,0.99209,0.99705
19300,0.92424,-0.04776,0.00024,0.00019,0.00739,0.99217,0.99708
19400,0.92460,-0.05412,0.00024,0.00017,0.00736,0.99224,0.99711
19500,0.92496,-0.05784,0.00022,0.00017,0.00730,0.99232,0.99715
19600,0.92531,-0.06165,0.00021,0.00017,0.00717,0.99245,0.99720
19700,0.92566,-0.06278,0.00021,0.00017,0.00704,0.99258,0.99724
19800,0.92601,-0.06401,0.00021,0.00014,0.00700,0.99264,0.99727
19900,0.92636,-0.06259,0.00021,0.00014,0.00697,0.99268,0.99728
20000,0.92670,-0.06385,0.00021,0.00014,0.00694,0.99271,0.99730
20100,0.92704,-0.06234,0.00021,0.00014,0.00686,0.99279,0.99733
20200,0.92737,-0.06378,0.00021,0.00014,0.00683,0.99282,0.99734
20300,0.92770,-0.06247,0.00021,0.00014,0.00680,0.99286,0.99735
20400,0.92803,-0.06103,0.00021,0.00014,0.00677,0.99289,0.99736
20500,0.92836,-0.06549,0.00021,0.00014,0.00669,0.99297,0.99739
20600,0.92868,-0.06426,0.00020,0.00014,0.00666,0.99300,0.99740
20700,0.92900,-0.06577,0.00020,0.00014,0.00658,0.99308,0.99743
20800,0.92932,-0.07057,0.00020,0.00009,0.00655,0.99315,0.99747
20900,0.92963,-0.06952,0.00020,0.00009,0.00653,0.99318,0.99748
21000,0.92994,-0.07135,0.00020,0.00009,0.00645,0.99326,0.99751
21100,0.93025,-0.07326,0.00020,0.00009,0.00642,0.99329,0.99752
21200,0.93056,-0.07498,0.00018,0.00009,0.00642,0.99332,0.99754
21300,0.93086,-0.08285,0.00015,0.00009,0.00641,0.99335,0.99757
21400,0.93116,-0.08175,0.00015,0.00009,0.00638,0.99338,0.99758
21500,0.93146,-0.08071,0.00015,0.00009,0.00635,0.99341,0.99759
21600,0.93176,-0.08269,0.00015,0.00009,0.00628,0.99348,0.99761
21700,0.93205,-0.07874,0.00015,0.00009,0.00626,0.99351,0.99762
21800,0.93234,-0.07781,0.00015,0.00009,0.00623,0.99353,0.99764
21900,0.93263,-0.07391,0.00015,0.00009,0.00620,0.99356,0.99765
22000,0.93291,-0.07611,0.00015,0.00009,0.00613,0.99363,0.99767
22100,0.93320,-0.07528,0.00015,0.00009,0.00607,0.99370,0.99769
22200,0.93348,-0.08077,0.00015,0.00006,0.00604,0.99375,0.99772
22300,0.93376,-0.08019,0.00015,0.00006,0.00601,0.99377,0.99773
22400,0.93403,-0.07647,0.00015,0.00006,0.00599,0.99380,0.99774
22500,0.93431,-0.08209,0.00015,0.00006,0.00596,0.99383,0.99775
22600,0.93458,-0.07817,0.00015,0.00006,0.00594,0.99385,0.99776
22700,0.93485,-0.07771,0.00015,0.00006,0.00587,0.99392,0.99778
22800,0.93512,-0.08032,0.00014,0.00006,0.00577,0.99403,0.99781
22900,0.93538,-0.07661,0.00014,0.00006,0.00574,0.99405,0.99782
23000,0.93564,-0.09886,0.00012,0.00004,0.00564,0.99420,0.99790
23100,0.93590,-0.09508,0.00012,0.00004,0.00561,0.99422,0.99791
23200,0.93616,-0.09135,0.00012,0.00004,0.00559,0.99425,0.99792
23300,0.93642,-0.09407,0.00012,0.00004,0.00557,0.99427,0.99793
23400,0.93667,-0.09040,0.00012,0.00004,0.00555,0.99429,0.99793
23500,0.93693,-0.09008,0.00012,0.00004,0.00552,0.99432,0.99794
23600,0.93718,-0.08656,0.00012,0.00004,0.00550,0.99434,0.99795
23700,0.93743,-0.08638,0.00012,0.00004,0.00544,0.99440,0.99797
23800,0.93767,-0.08276,0.00012,0.00004,0.00542,0.99442,0.99798
23900,0.93792,-0.08249,0.00012,0.00004,0.00536,0.99448,0.99800
24000,0.93816,-0.08224,0.00012,0.00004,0.00534,0.99451,0.99801
24100,0.93840,-0.08879,0.00012,0.00004,0.00532,0.99453,0.99802
24200,0.93864,-0.08856,0.00012,0.00004,0.00529,0.99455,0.99803
24300,0.93888,-0.08840,0.00012,0.00004,0.00524,0.99461,0.99805
24400,0.93911,-0.08478,0.00012,0.00004,0.00521,0.99463,0.99805
24500,0.93935,-0.08475,0.00012,0.00004,0.00516,0.99469,0.99807
24600,0.93958,-0.08480,0.00012,0.00004,0.00514,0.99471,0.99808
24700,0.93981,-0.09170,0.00011,0.00004,0.00504,0.99481,0.99811
24800,0.94003,-0.09179,0.00011,0.00004,0.00498,0.99486,0.99813
24900,0.94026,-0.09533,0.00011,0.00004,0.00489,0.99496,0.99817
25000,0.94049,-0.09879,0.00011,0.00004,0.00487,0.99498,0.99817
25100,0.94071,-0.09896,0.00011,0.00004,0.00481,0.99504,0.99819
25200,0.94093,-0.09571,0.00011,0.00004,0.00479,0.99505,0.99820
25300,0.94115,-0.09239,0.00011,0.00004,0.00478,0.99507,0.99821
25400,0.94137,-0.09259,0.00011,0.00004,0.00476,0.99509,0.99821
25500,0.94158,-0.08913,0.00011,0.00004,0.00474,0.99511,0.99822
25600,0.94180,-0.08580,0.00011,0.00004,0.00472,0.99513,0.99823
25700,0.94201,-0.08249,0.00011,0.00004,0.00471,0.99515,0.99823
25800,0.94222,-0.07902,0.00011,0.00004,0.00469,0.99516,0.99824
25900,0.94244,-0.07927,0.00011,0.00004,0.00467,0.99518,0.99825
26000,0.94264,-0.08319,0.00011,0.00004,0.00465,0.99520,0.99825
26100,0.94285,-0.07992,0.00011,0.00004,0.00464,0.99522,0.99826
26200,0.94306,-0.07658,0.00011,0.00004,0.00462,0.99523,0.99826
26300,0.94326,-0.07697,0.00011,0.00004,0.00457,0.99529,0.99828
26400,0.94346,-0.08479,0.00011,0.00004,0.00448,0.99538,0.99831
26500,0.94366,-0.08147,0.00011,0.00004,0.00446,0.99539,0.99832
26600,0.94386,-0.07821,0.00011,0.00004,0.00445,0.99541,0.99832
26700,0.94406,-0.07866,0.00011,0.00004,0.00441,0.99544,0.99834
26800,0.94426,-0.08300,0.00011,0.00004,0.00440,0.99546,0.99835
26900,0.94446,-0.09474,0.00011,0.00004,0.00431,0.99555,0.99838
27000,0.94465,-0.10289,0.00011,0.00004,0.00426,0.99560,0.99840
27100,0.94484,-0.09980,0.00011,0.00004,0.00425,0.99561,0.99840
27200,0.94504,-0.09663,0.00010,0.00003,0.00423,0.99563,0.99841
27300,0.94523,-0.09731,0.00010,0.00003,0.00422,0.99564,0.99841
27400,0.94541,-0.09799,0.00010,0.00003,0.00417,0.99569,0.99843
27500,0.94560,-0.09867,0.00010,0.00003,0.00415,0.99571,0.99843
27600,0.94579,-0.10332,0.00010,0.00002,0.00414,0.99574,0.99845
27700,0.94597,-0.10020,0.00010,0.00002,0.00413,0.99575,0.99846
27800,0.94616,-0.09712,0.00010,0.00002,0.00411,0.99577,0.99846
27900,0.94634,-0.09402,0.00010,0.00002,0.00410,0.99578,0.99847
28000,0.94652,-0.09090,0.00010,0.00002,0.00408,0.99580,0.99847
28100,0.94670,-0.08777,0.00010,0.00002,0.00407,0.99581,0.99848
28200,0.94688,-0.08473,0.00010,0.00002,0.00406,0.99583,0.99848
28300,0.94706,-0.08156,0.00010,0.00002,0.00404,0.99584,0.99849
28400,0.94724,-0.09429,0.00010,0.00002,0.00396,0.99592,0.99851
28500,0.94741,-0.09921,0.00010,0.00002,0.00395,0.99593,0.99852
28600,0.94758,-0.10420,0.00008,0.00002,0.00392,0.99598,0.99855
28700,0.94776,-0.10921,0.00008,0.00002,0.00387,0.99603,0.99856
28800,0.94793,-0.10620,0.00008,0.00002,0.00386,0.99604,0.99857
28900,0.94810,-0.10729,0.00008,0.00002,0.00385,0.99605,0.99857
29000,0.94827,-0.11242,0.00008,0.00002,0.00380,0.99610,0.99859
29100,0.94844,-0.11758,0.00008,0.00002,0.00376,0.99615,0.99860
29200,0.94861,-0.11465,0.00008,0.00002,0.00374,0.99616,0.99861
29300,0.94877,-0.12401,0.00008,0.00002,0.00372,0.99619,0.99862
29400,0.94894,-0.12527,0.00008,0.00002,0.00367,0.99623,0.99864
29500,0.94910,-0.13066,0.00008,0.00002,0.00359,0.99631,0.99866
29600,0.94927,-0.13198,0.00008,0.00002,0.00358,0.99632,0.99867
29700,0.94943,-0.12914,0.00008,0.00002,0.00357,0.99633,0.99867
29800,0.94959,-0.12641,0.00008,0.00002,0.00356,0.99634,0.99868
29900,0.94975,-0.12778,0.00008,0.00002,0.00352,0.99639,0.99869
30000,0.94991,-0.12503,0.00008,0.00002,0.00350,0.99640,0.99870
30100,0.95007,-0.12644,0.00008,0.00002,0.00349,0.99641,0.99870
30200,0.95022,-0.12369,0.00008,0.00002,0.00348,0.99642,0.99870
30300,0.95038,-0.12942,0.00006,0.00002,0.00346,0.99647,0.99873
30400,0.95053,-0.13084,0.00006,0.00002,0.00341,0.99651,0.99874
30500,0.95069,-0.14083,0.00005,0.00002,0.00339,0.99655,0.99877
30600,0.95084,-0.13818,0.00005,0.00002,0.00338,0.99656,0.99877
30700,0.95099,-0.14392,0.00005,0.00002,0.00333,0.99660,0.99879
30800,0.95115,-0.14984,0.00005,0.00002,0.00332,0.99661,0.99879
30900,0.95130,-0.15151,0.00005,0.00002,0.00331,0.99662,0.99879
31000,0.95145,-0.15758,0.00005,0.00002,0.00327,0.99667,0.99881
31100,0.95159,-0.16372,0.00005,0.00002,0.00326,0.99668,0.99881
31200,0.95174,-0.16982,0.00005,0.00002,0.00322,0.99672,0.99883
31300,0.95189,-0.17162,0.00005,0.00002,0.00318,0.99676,0.99884
31400,0.95203,-0.16914,0.00005,0.00002,0.00317,0.99677,0.99884
31500,0.95218,-0.16658,0.00005,0.00002,0.00316,0.99678,0.99885
31600,0.95232,-0.16849,0.00005,0.00002,0.00312,0.99682,0.99886
31700,0.95247,-0.16608,0.00005,0.00002,0.00311,0.99683,0.99886
31800,0.95261,-0.16359,0.00005,0.00002,0.00310,0.99684,0.99887
31900,0.95275,-0.16106,0.00005,0.00002,0.00309,0.99685,0.99887
32000,0.95289,-0.15864,0.00004,0.00001,0.00309,0.99685,0.99887
32100,0.95303,-0.15601,0.00004,0.00001,0.00308,0.99686,0.99888
32200,0.95317,-0.15794,0.00004,0.00001,0.00304,0.99690,0.99889
32300,0.95331,-0.15992,0.00004,0.00001,0.00303,0.99691,0.99889
32400,0.95345,-0.16200,0.00004,0.00001,0.00302,0.99692,0.99890
32500,0.95358,-0.16402,0.00004,0.00001,0.00298,0.99696,0.99891
32600,0.95372,-0.16162,0.00004,0.00001,0.00297,0.99697,0.99891
32700,0.95385,-0.15910,0.00004,0.00001,0.00296,0.99698,0.99892
32800,0.95399,-0.16124,0.00004,0.00001,0.00295,0.99699,0.99892
32900,0.95412,-0.15877,0.00004,0.00001,0.00295,0.99700,0.99892
33000,0.95425,-0.15633,0.00004,0.00001,0.00294,0.99700,0.99893
33100,0.95439,-0.15389,0.00004,0.00001,0.00293,0.99701,0.99893
33200,0.95452,-0.15599,0.00004,0.00001,0.00289,0.99705,0.99894
33300,0.95465,-0.15819,0.00004,0.00001,0.00285,0.99709,0.99895
33400,0.95478,-0.16040,0.00004,0.00001,0.00282,0.99712,0.99897
33500,0.95491,-0.16721,0.00004,0.00001,0.00275,0.99719,0.99899
33600,0.95503,-0.16479,0.00004,0.00001,0.00274,0.99720,0.99899
33700,0.95516,-0.16702,0.00004,0.00001,0.00274,0.99721,0.99899
33800,0.95529,-0.16930,0.00004,0.00001,0.00273,0.99721,0.99900
33900,0.95541,-0.16696,0.00004,0.00001,0.00272,0.99722,0.99900
34000,0.95554,-0.16469,0.00004,0.00001,0.00271,0.99723,0.99900
34100,0.95566,-0.16229,0.00004,0.00001,0.00271,0.99724,0.99901
34200,0.95579,-0.15996,0.00004,0.00001,0.00270,0.99725,0.99901
34300,0.95591,-0.15758,0.00004,0.00001,0.00269,0.99725,0.99901
34400,0.95603,-0.15525,0.00004,0.00001,0.00268,0.99726,0.99901
34500,0.95616,-0.15763,0.00004,0.00001,0.00268,0.99727,0.99902
34600,0.95628,-0.15524,0.00004,0.00001,0.00267,0.99728,0.99902
34700,0.95640,-0.15287,0.00004,0.00001,0.00266,0.99728,0.99902
34800,0.95652,-0.15053,0.00004,0.00001,0.00265,0.99729,0.99903
34900,0.95664,-0.15297,0.00004,0.00001,0.00262,0.99733,0.99904
35000,0.95675,-0.15060,0.00004,0.00001,0.00261,0.99733,0.99904
35100,0.95687,-0.15309,0.00004,0.00001,0.00260,0.99734,0.99904
35200,0.95699,-0.15081,0.00004,0.00001,0.00260,0.99735,0.99904
35300,0.95711,-0.16815,0.00003,0.00001,0.00255,0.99741,0.99907
35400,0.95722,-0.16589,0.00003,0.00001,0.00254,0.99742,0.99908
35500,0.95734,-0.16357,0.00003,0.00001,0.00254,0.99742,0.99908
35600,0.95745,-0.16134,0.00003,0.00001,0.00253,0.99743,0.99908
35700,0.95757,-0.15906,0.00003,0.00001,0.00252,0.99744,0.99908
35800,0.95768,-0.15685,0.00003,0.00001,0.00252,0.99744,0.99909
35900,0.95779,-0.15952,0.00003,0.00001,0.00251,0.99745,0.99909
36000,0.95791,-0.16216,0.00003,0.00001,0.00250,0.99746,0.99909
36100,0.95802,-0.15991,0.00003,0.00001,0.00249,0.99747,0.99909
36200,0.95813,-0.15763,0.00003,0.00001,0.00249,0.99747,0.99910
36300,0.95824,-0.16049,0.00003,0.00001,0.00246,0.99751,0.99911
36400,0.95835,-0.15825,0.00003,0.00001,0.00245,0.99751,0.99911
36500,0.95846,-0.15608,0.00003,0.00001,0.00244,0.99752,0.99911
36600,0.95857,-0.15384,0.00003,0.00001,0.00244,0.99752,0.99912
36700,0.95868,-0.15675,0.00003,0.00001,0.00240,0.99756,0.99913
36800,0.95878,-0.15451,0.00003,0.00001,0.00240,0.99756,0.99913
36900,0.95889,-0.15226,0.00003,0.00001,0.00239,0.99757,0.99913
37000,0.95900,-0.15514,0.00003,0.00001,0.00236,0.99760,0.99914
37100,0.95910,-0.15298,0.00003,0.00001,0.00235,0.99761,0.99914
37200,0.95921,-0.16614,0.00003,0.00001,0.00232,0.99764,0.99915
37300,0.95931,-0.16918,0.00003,0.00001,0.00229,0.99767,0.99917
37400,0.95942,-0.16702,0.00003,0.00001,0.00228,0.99768,0.99917
37500,0.95952,-0.16490,0.00003,0.00001,0.00228,0.99768,0.99917
37600,0.95962,-0.17831,0.00003,0.00001,0.00222,0.99774,0.99919
37700,0.95973,-0.17622,0.00003,0.00001,0.00221,0.99775,0.99919
37800,0.95983,-0.17934,0.00001,0.00001,0.00222,0.99775,0.99920
37900,0.95993,-0.18247,0.00001,0.00001,0.00219,0.99778,0.99921
38000,0.96003,-0.18037,0.00001,0.00001,0.00218,0.99779,0.99921
38100,0.96013,-0.18883,0.00001,0.00001,0.00214,0.99783,0.99923
38200,0.96023,-0.18675,0.00001,0.00001,0.00214,0.99784,0.99923
38300,0.96033,-0.18473,0.00001,0.00001,0.00213,0.99784,0.99924
38400,0.96043,-0.18273,0.00001,0.00001,0.00212,0.99785,0.99924
38500,0.96053,-0.18068,0.00001,0.00001,0.00212,0.99786,0.99924
38600,0.96063,-0.17861,0.00001,0.00001,0.00211,0.99786,0.99924
38700,0.96073,-0.17655,0.00001,0.00001,0.00211,0.99787,0.99924
38800,0.96082,-0.17983,0.00001,0.00001,0.00210,0.99787,0.99925
38900,0.96092,-0.17780,0.00001,0.00001,0.00210,0.99788,0.99925
39000,0.96102,-0.17579,0.00001,0.00001,0.00209,0.99788,0.99925
39100,0.96111,-0.17374,0.00001,0.00001,0.00209,0.99789,0.99925
39200,0.96121,-0.17167,0.00001,0.00001,0.00208,0.99789,0.99925
39300,0.96130,-0.16957,0.00001,0.00001,0.00208,0.99790,0.99926
39400,0.96140,-0.16752,0.00001,0.00001,0.00207,0.99790,0.99926
39500,0.96149,-0.16546,0.00001,0.00001,0.00207,0.99791,0.99926
39600,0.96159,-0.16344,0.00001,0.00001,0.00206,0.99791,0.99926
39700,0.96168,-0.16137,0.00001,0.00001,0.00206,0.99792,0.99926
39800,0.96177,-0.15933,0.00001,0.00001,0.00205,0.99792,0.99926
39900,0.96186,-0.16274,0.00001,0.00001,0.00202,0.99795,0.99927
40000,0.96195,-0.16623,0.00001,0.00001,0.00202,0.99796,0.99928
40100,0.96205,-0.16423,0.00001,0.00001,0.00201,0.99796,0.99928
40200,0.96214,-0.16220,0.00001,0.00001,0.00201,0.99797,0.99928
40300,0.96223,-0.16026,0.00001,0.00001,0.00200,0.99797,0.99928
40400,0.96232,-0.15825,0.00001,0.00001,0.00200,0.99798,0.99928
40500,0.96241,-0.15619,0.00001,0.00001,0.00199,0.99798,0.99928
40600,0.96250,-0.15982,0.00001,0.00001,0.00197,0.99801,0.99929
40700,0.96258,-0.16906,0.00001,0.00001,0.00194,0.99804,0.99930
40800,0.96267,-0.17272,0.00001,0.00001,0.00191,0.99807,0.99931
40900,0.96276,-0.17073,0.00001,0.00001,0.00190,0.99807,0.99932
41000,0.96285,-0.16880,0.00001,0.00001,0.00190,0.99808,0.99932
41100,0.96294,-0.17250,0.00001,0.00001,0.00190,0.99808,0.99932
41200,0.96302,-0.17627,0.00001,0.00001,0.00189,0.99809,0.99932
41300,0.96311,-0.17430,0.00001,0.00001,0.00189,0.99809,0.99932
41400,0.96319,-0.17237,0.00001,0.00001,0.00188,0.99809,0.99932
41500,0.96328,-0.18190,0.00001,0.00001,0.00188,0.99810,0.99932
41600,0.96336,-0.17999,0.00001,0.00001,0.00187,0.99810,0.99933
41700,0.96345,-0.17811,0.00001,0.00001,0.00187,0.99811,0.99933
41800,0.96353,-0.18197,0.00001,0.00001,0.00184,0.99814,0.99934
41900,0.96362,-0.18007,0.00001,0.00001,0.00184,0.99814,0.99934
42000,0.96370,-0.17813,0.00001,0.00001,0.00183,0.99814,0.99934
42100,0.96378,-0.17622,0.00001,0.00001,0.00183,0.99815,0.99934
42200,0.96387,-0.17436,0.00001,0.00001,0.00182,0.99815,0.99934
42300,0.96395,-0.17241,0.00001,0.00001,0.00182,0.99816,0.99934
42400,0.96403,-0.17048,0.00001,0.00001,0.00182,0.99816,0.99935
42500,0.96411,-0.16860,0.00001,0.00001,0.00181,0.99816,0.99935
42600,0.96419,-0.17840,0.00001,0.00001,0.00176,0.99821,0.99936
42700,0.96427,-0.17657,0.00001,0.00001,0.00176,0.99822,0.99937
42800,0.96435,-0.17470,0.00001,0.00001,0.00175,0.99822,0.99937
42900,0.96444,-0.17871,0.00001,0.00001,0.00173,0.99825,0.99938
43000,0.96451,-0.17680,0.00001,0.00001,0.00172,0.99825,0.99938
43100,0.96459,-0.17502,0.00001,0.00001,0.00172,0.99826,0.99938
43200,0.96467,-0.17315,0.00001,0.00001,0.00172,0.99826,0.99938
43300,0.96475,-0.17730,0.00001,0.00001,0.00172,0.99825,0.99938
43400,0.96483,-0.17550,0.00001,0.00001,0.00172,0.99826,0.99938
43500,0.96491,-0.17364,0.00001,0.00001,0.00172,0.99826,0.99938
43600,0.96499,-0.17177,0.00001,0.00001,0.00171,0.99827,0.99939
43700,0.96506,-0.17596,0.00001,0.00001,0.00171,0.99827,0.99939
43800,0.96514,-0.18010,0.00001,0.00001,0.00168,0.99830,0.99940
43900,0.96522,-0.19038,0.00001,0.00001,0.00163,0.99834,0.99941
44000,0.96529,-0.18858,0.00001,0.00001,0.00163,0.99835,0.99941
44100,0.96537,-0.18678,0.00001,0.00001,0.00163,0.99835,0.99941
44200,0.96544,-0.18504,0.00001,0.00001,0.00162,0.99835,0.99942
44300,0.96552,-0.18321,0.00001,0.00001,0.00162,0.99836,0.99942
44400,0.96560,-0.18755,0.00001,0.00001,0.00162,0.99836,0.99942
44500,0.96567,-0.18575,0.00001,0.00001,0.00161,0.99836,0.99942
44600,0.96574,-0.18399,0.00001,0.00001,0.00161,0.99837,0.99942
44700,0.96582,-0.18835,0.00001,0.00001,0.00158,0.99839,0.99943
44800,0.96589,-0.18653,0.00001,0.00001,0.00158,0.99840,0.99943
44900,0.96597,-0.19091,0.00001,0.00001,0.00158,0.99840,0.99943
45000,0.96604,-0.18924,0.00001,0.00001,0.00157,0.99840,0.99943
45100,0.96611,-0.19371,0.00001,0.00001,0.00155,0.99843,0.99944
45200,0.96618,-0.19822,0.00001,0.00001,0.00155,0.99843,0.99944
45300,0.96626,-0.19648,0.00001,0.00001,0.00154,0.99844,0.99944
45400,0.96633,-0.20728,0.00001,0.00001,0.00152,0.99846,0.99945
45500,0.96640,-0.20562,0.00001,0.00001,0.00151,0.99846,0.99945
45600,0.96647,-0.20398,0.00001,0.00001,0.00151,0.99847,0.99945
45700,0.96654,-0.20231,0.00001,0.00001,0.00151,0.99847,0.99946
45800,0.96661,-0.20063,0.00001,0.00001,0.00151,0.99847,0.99946
45900,0.96668,-0.21153,0.00001,0.00001,0.00148,0.99850,0.99946
46000,0.96675,-0.21614,0.00001,0.00001,0.00146,0.99852,0.99947
46100,0.96682,-0.21452,0.00001,0.00001,0.00145,0.99853,0.99947
46200,0.96689,-0.21920,0.00001,0.00001,0.00145,0.99853,0.99948
46300,0.96696,-0.21753,0.00001,0.00001,0.00145,0.99853,0.99948
46400,0.96703,-0.21593,0.00001,0.00001,0.00144,0.99853,0.99948
46500,0.96710,-0.21430,0.00001,0.00001,0.00144,0.99854,0.99948
46600,0.96717,-0.21263,0.00001,0.00001,0.00144,0.99854,0.99948
46700,0.96723,-0.21101,0.00001,0.00001,0.00144,0.99854,0.99948
46800,0.96730,-0.20941,0.00001,0.00001,0.00143,0.99855,0.99948
46900,0.96737,-0.20777,0.00001,0.00001,0.00143,0.99855,0.99948
47000,0.96744,-0.20613,0.00001,0.00001,0.00143,0.99855,0.99948
47100,0.96750,-0.21098,0.00001,0.00001,0.00140,0.99858,0.99949
47200,0.96757,-0.20936,0.00001,0.00001,0.00140,0.99858,0.99949
47300,0.96764,-0.22066,0.00001,0.00001,0.00139,0.99859,0.99950
47400,0.96770,-0.21908,0.00001,0.00001,0.00138,0.99860,0.99950
47500,0.96777,-0.21751,0.00001,0.00001,0.00138,0.99860,0.99950
47600,0.96783,-0.21594,0.00001,0.00001,0.00138,0.99860,0.99950
47700,0.96790,-0.22087,0.00001,0.00001,0.00136,0.99862,0.99951
47800,0.96796,-0.21927,0.00001,0.00001,0.00135,0.99863,0.99951
47900,0.96803,-0.23743,0.00001,0.00001,0.00133,0.99865,0.99952
48000,0.96809,-0.23588,0.00001,0.00001,0.00133,0.99865,0.99952
48100,0.96816,-0.23434,0.00001,0.00001,0.00132,0.99866,0.99952
48200,0.96822,-0.23941,0.00001,0.00001,0.00130,0.99868,0.99953
48300,0.96829,-0.23787,0.00001,0.00001,0.00130,0.99868,0.99953
48400,0.96835,-0.23634,0.00001,0.00001,0.00130,0.99868,0.99953
48500,0.96841,-0.23479,0.00001,0.00001,0.00129,0.99869,0.99953
48600,0.96847,-0.23326,0.00001,0.00001,0.00129,0.99869,0.99953
48700,0.96854,-0.23171,0.00001,0.00001,0.00129,0.99869,0.99953
48800,0.96860,-0.23019,0.00001,0.00001,0.00129,0.99869,0.99954
48900,0.96866,-0.22869,0.00001,0.00001,0.00128,0.99870,0.99954
49000,0.96872,-0.23388,0.00001,0.00001,0.00126,0.99872,0.99954
49100,0.96879,-0.23234,0.00001,0.00001,0.00126,0.99872,0.99954
49200,0.96885,-0.23756,0.00001,0.00001,0.00124,0.99874,0.99955
49300,0.96891,-0.23604,0.00001,0.00001,0.00123,0.99875,0.99955
49400,0.96897,-0.23452,0.00001,0.00001,0.00123,0.99875,0.99955
49500,0.96903,-0.23977,0.00001,0.00001,0.00121,0.99877,0.99956
49600,0.96909,-0.23828,0.00001,0.00001,0.00121,0.99877,0.99956
49700,0.96915,-0.23682,0.00001,0.00001,0.00120,0.99878,0.99956
49800,0.96921,-0.23534,0.00001,0.00001,0.00120,0.99878,0.99956
49900,0.96927,-0.23384,0.00001,0.00001,0.00120,0.99878,0.99956
50000,0.96933,-0.23236,0.00001,0.00001,0.00120,0.99878,0.99957
