0.046186 0.096221 0.093072 0.072078 0.066130 0.056683 0.060182 0.078376 0.086424 0.082225 0.097621 0.141358 0.023443
0.022583 0.073507 0.083510 0.074416 0.060624 0.055471 0.071992 0.080782 0.105032 0.113368 0.112913 0.128978 0.016823
0.014602 0.056526 0.071397 0.072830 0.062259 0.061632 0.067545 0.088328 0.109917 0.123623 0.124339 0.129893 0.017110
0.011693 0.049150 0.071161 0.069222 0.064970 0.068159 0.069660 0.086606 0.113119 0.130002 0.133692 0.117184 0.015383
0.008573 0.040006 0.063544 0.071584 0.072214 0.067419 0.076524 0.086405 0.123505 0.134305 0.132610 0.110379 0.012932
0.006919 0.037349 0.062234 0.070611 0.072836 0.074576 0.075466 0.092826 0.120422 0.138915 0.129041 0.106988 0.011816
0.005714 0.034750 0.058001 0.067417 0.071118 0.071190 0.077766 0.099364 0.125777 0.136163 0.130233 0.109031 0.013476
0.005770 0.030600 0.055825 0.066805 0.069608 0.071619 0.080259 0.099350 0.124641 0.141359 0.134171 0.107990 0.012003
0.006028 0.027063 0.053111 0.064274 0.070209 0.072731 0.078943 0.097303 0.130240 0.143433 0.138635 0.106068 0.011963
0.005543 0.027305 0.050710 0.064553 0.068483 0.073909 0.088163 0.101683 0.132186 0.141043 0.134649 0.101068 0.010705
0.004589 0.026295 0.049040 0.063674 0.068466 0.074701 0.084745 0.102641 0.132631 0.144408 0.137192 0.101487 0.010131
0.004412 0.024538 0.049999 0.062772 0.070384 0.075459 0.085205 0.103659 0.132493 0.148958 0.134858 0.097171 0.010092
0.003607 0.022169 0.044779 0.064016 0.071611 0.076215 0.086039 0.103164 0.132841 0.150729 0.136741 0.097798 0.010293
0.002951 0.020598 0.045408 0.064101 0.071325 0.075261 0.087773 0.100993 0.132229 0.155963 0.142190 0.092293 0.008916
0.002420 0.018037 0.043899 0.065981 0.073806 0.075995 0.088727 0.102520 0.140550 0.152719 0.138163 0.088130 0.009052
0.002657 0.016493 0.040846 0.066859 0.076968 0.081839 0.092170 0.104088 0.134824 0.152867 0.133606 0.088628 0.008154
0.002377 0.016034 0.040799 0.072651 0.080690 0.087173 0.092705 0.105714 0.138776 0.151699 0.126286 0.077708 0.007390
0.001650 0.016980 0.043008 0.069995 0.084846 0.087401 0.095332 0.106190 0.133124 0.147229 0.128174 0.079097 0.006973
0.002931 0.018202 0.044516 0.073965 0.084873 0.087463 0.097075 0.107097 0.126934 0.141591 0.122844 0.084123 0.008385
0.002249 0.020063 0.051372 0.073684 0.091498 0.097526 0.096266 0.100495 0.125776 0.134053 0.119838 0.078363 0.008817
0.232046 0.102106 0.071978 0.054131 0.044995 0.054590 0.099355 0.084782 0.079510 0.071782 0.058945 0.042440 0.003340
0.107413 0.097626 0.077951 0.066052 0.061999 0.070277 0.096289 0.100241 0.099997 0.094981 0.075522 0.047613 0.004038
0.043730 0.081615 0.074856 0.068852 0.069154 0.078236 0.100524 0.109513 0.115693 0.112213 0.086445 0.054664 0.004503
0.021986 0.063579 0.068983 0.067496 0.071520 0.080870 0.101023 0.114950 0.125759 0.125906 0.095033 0.057655 0.005241
0.012718 0.048852 0.060540 0.065679 0.071865 0.081933 0.102729 0.120017 0.133947 0.132830 0.102057 0.061113 0.005720
0.009447 0.038812 0.053750 0.063452 0.071264 0.083025 0.104052 0.123823 0.140645 0.138057 0.105786 0.061840 0.006046
0.007563 0.032566 0.049029 0.059767 0.068525 0.082925 0.105363 0.125006 0.147508 0.142755 0.109596 0.063375 0.006022
0.006395 0.027959 0.044873 0.055865 0.067280 0.082864 0.106183 0.125385 0.152059 0.148449 0.111489 0.064998 0.006201
0.005364 0.025926 0.042325 0.053373 0.065899 0.083384 0.105645 0.126693 0.154992 0.151918 0.112286 0.066085 0.006109
0.004438 0.024746 0.040512 0.052874 0.065246 0.082958 0.105773 0.128619 0.156010 0.152258 0.113239 0.066833 0.006493
0.004282 0.022810 0.038398 0.051597 0.064408 0.082855 0.105523 0.130426 0.157767 0.153427 0.114341 0.068013 0.006154
0.003961 0.021352 0.036720 0.049709 0.063396 0.083198 0.105817 0.131237 0.157472 0.155347 0.116630 0.068913 0.006250
0.003733 0.019626 0.034855 0.048190 0.062694 0.082887 0.106041 0.130278 0.158053 0.158747 0.119057 0.069572 0.006269
0.003518 0.018039 0.033095 0.046775 0.061483 0.081974 0.104805 0.130741 0.159916 0.161714 0.120590 0.070628 0.006721
0.003199 0.016554 0.031097 0.045067 0.060782 0.080220 0.104731 0.131030 0.160745 0.163551 0.123332 0.072824 0.006868
0.002897 0.015314 0.029450 0.043462 0.058952 0.078669 0.104047 0.131975 0.162024 0.165833 0.125325 0.074869 0.007182
0.002752 0.014559 0.028076 0.041910 0.057571 0.078516 0.103235 0.132354 0.162486 0.166457 0.127898 0.076779 0.007408
0.002667 0.014161 0.026873 0.040590 0.056255 0.077907 0.103291 0.133264 0.163238 0.167169 0.128826 0.078198 0.007562
0.002621 0.013380 0.026212 0.039046 0.055901 0.077239 0.103296 0.132804 0.165116 0.168116 0.129466 0.079280 0.007523
0.002460 0.012725 0.025361 0.038425 0.056109 0.077647 0.103306 0.132893 0.165324 0.168955 0.130071 0.079077 0.007648
0.008118 0.011486 0.018827 0.033941 0.051732 0.078591 0.112359 0.138354 0.162536 0.153554 0.129718 0.092150 0.008636
0.002651 0.011258 0.020172 0.033851 0.049988 0.077154 0.105510 0.138285 0.169484 0.168447 0.130677 0.084992 0.007531
0.001893 0.009051 0.019187 0.032764 0.049804 0.074763 0.106511 0.138836 0.172200 0.170076 0.131171 0.085431 0.008312
0.001782 0.007727 0.018742 0.031409 0.049924 0.075226 0.105566 0.137898 0.169939 0.172093 0.133946 0.087618 0.008132
0.001674 0.007080 0.018537 0.031605 0.049348 0.074171 0.106161 0.140531 0.171914 0.170922 0.134270 0.085368 0.008419
0.001415 0.007368 0.017799 0.031160 0.050886 0.076114 0.105156 0.138976 0.171823 0.172596 0.134118 0.084677 0.007911
0.001569 0.007567 0.017281 0.031821 0.049169 0.075841 0.106212 0.137201 0.172670 0.174664 0.133282 0.084859 0.007864
0.001455 0.007262 0.017244 0.030623 0.049973 0.076725 0.107075 0.138592 0.171085 0.173020 0.135526 0.083005 0.008415
0.001426 0.007078 0.017304 0.031349 0.050223 0.075769 0.106145 0.137231 0.171346 0.174336 0.135068 0.084398 0.008327
0.001388 0.007103 0.017573 0.030879 0.050620 0.076631 0.107074 0.138019 0.172258 0.173164 0.134390 0.082661 0.008241
0.001400 0.007139 0.017352 0.031168 0.049877 0.074928 0.105646 0.137429 0.174677 0.173644 0.133783 0.084939 0.008017
0.001240 0.006810 0.017458 0.031518 0.048884 0.075298 0.105095 0.139467 0.172307 0.171831 0.135655 0.085977 0.008460
0.001266 0.007043 0.016861 0.031943 0.049389 0.075270 0.106130 0.138837 0.172674 0.172549 0.133867 0.085861 0.008310
0.001207 0.007019 0.017162 0.030480 0.050188 0.075020 0.106068 0.138479 0.172010 0.173528 0.135020 0.085626 0.008193
0.001408 0.007150 0.016940 0.031442 0.049688 0.074868 0.106055 0.140039 0.172048 0.173254 0.134773 0.084447 0.007889
0.001357 0.007064 0.016794 0.031347 0.049430 0.074835 0.106029 0.139558 0.171572 0.173239 0.135267 0.085161 0.008348
0.001323 0.007277 0.016968 0.030814 0.049717 0.074760 0.106434 0.137984 0.172706 0.173921 0.135008 0.084699 0.008389
0.001393 0.006885 0.016689 0.031061 0.049543 0.074998 0.106507 0.138521 0.172230 0.173668 0.135286 0.085045 0.008173
0.001514 0.006874 0.017645 0.030707 0.048764 0.075202 0.106575 0.138059 0.171062 0.172766 0.136129 0.086108 0.008595
0.001331 0.006880 0.017486 0.031576 0.050248 0.074681 0.106938 0.137970 0.172055 0.172583 0.135046 0.084677 0.008528
0.025000 0.058333 0.025000 0.050000 0.100000 0.083333 0.075000 0.100000 0.083333 0.141667 0.150000 0.108333 0.000000
0.008696 0.039130 0.034783 0.060870 0.069565 0.065217 0.086957 0.100000 0.130435 0.126087 0.186957 0.082609 0.008696
0.011450 0.015267 0.049618 0.057252 0.041985 0.061069 0.095420 0.083969 0.160305 0.167939 0.164122 0.087786 0.003817
0.000000 0.013333 0.035556 0.048889 0.071111 0.057778 0.093333 0.111111 0.160000 0.173333 0.151111 0.071111 0.013333
0.000000 0.027397 0.020548 0.047945 0.089041 0.089041 0.095890 0.089041 0.136986 0.157534 0.143836 0.095890 0.006849
0.014085 0.028169 0.042254 0.056338 0.056338 0.070423 0.056338 0.098592 0.126761 0.211268 0.140845 0.084507 0.014085
0.000000 0.000000 0.000000 0.037037 0.037037 0.074074 0.111111 0.037037 0.074074 0.111111 0.185185 0.333333 0.000000
0.012437 0.083261 0.098722 0.080670 0.075920 0.082830 0.085334 0.097944 0.107186 0.101658 0.091812 0.074020 0.008205
0.007947 0.037228 0.060090 0.068311 0.076962 0.084948 0.102642 0.111490 0.126248 0.133686 0.108749 0.073596 0.008103
0.004150 0.022190 0.042437 0.059278 0.073935 0.085234 0.100468 0.119539 0.142281 0.147079 0.118004 0.077294 0.008108
0.003188 0.016840 0.034901 0.052962 0.068699 0.085421 0.105059 0.124188 0.148727 0.155494 0.121034 0.075500 0.007988
0.002228 0.014097 0.029952 0.046850 0.066588 0.083642 0.105464 0.126010 0.152027 0.159310 0.126322 0.079733 0.007778
0.001817 0.011829 0.027482 0.043842 0.062991 0.083122 0.103792 0.128074 0.155703 0.162136 0.127841 0.083217 0.008154
0.001844 0.011472 0.025295 0.042441 0.060415 0.079431 0.102482 0.129149 0.159326 0.163423 0.132650 0.084125 0.007945
0.001587 0.010454 0.024958 0.040863 0.058225 0.078443 0.102944 0.129396 0.160216 0.167054 0.132533 0.085064 0.008262
0.001547 0.009680 0.023259 0.038976 0.057642 0.078570 0.102194 0.130685 0.160661 0.166113 0.135642 0.086511 0.008518
0.001493 0.009600 0.022484 0.038524 0.057611 0.079405 0.100913 0.129382 0.161709 0.168472 0.134882 0.086908 0.008617
0.001489 0.008978 0.022559 0.039014 0.057278 0.077498 0.103120 0.128188 0.161402 0.169205 0.137183 0.085769 0.008316
0.001436 0.009970 0.022361 0.038633 0.057491 0.078432 0.100735 0.129748 0.162148 0.169860 0.134031 0.086822 0.008332
0.001255 0.009561 0.022694 0.038843 0.057325 0.077657 0.103139 0.130005 0.161088 0.168059 0.134267 0.087758 0.008350
0.001443 0.009560 0.022447 0.040165 0.057893 0.078662 0.101680 0.127585 0.161770 0.167581 0.135987 0.086773 0.008454
0.001458 0.009237 0.023313 0.039888 0.056680 0.076733 0.101189 0.128543 0.162307 0.168685 0.136246 0.087121 0.008599
0.001423 0.008914 0.022323 0.038201 0.056581 0.077053 0.101720 0.128633 0.162278 0.169487 0.136977 0.087955 0.008455
0.001274 0.008770 0.022117 0.037865 0.056323 0.076228 0.101204 0.130597 0.161874 0.168446 0.138965 0.087654 0.008683
0.001416 0.008241 0.021179 0.037026 0.055541 0.078205 0.101240 0.130118 0.161753 0.169453 0.138799 0.088661 0.008370
0.001225 0.008081 0.020608 0.036640 0.055885 0.076307 0.101195 0.129765 0.164382 0.170068 0.139166 0.088166 0.008512
0.001135 0.007971 0.020168 0.036722 0.054558 0.077000 0.101134 0.129268 0.163085 0.171227 0.139509 0.089583 0.008641
0.009691 0.071429 0.092606 0.078966 0.063891 0.077172 0.091888 0.101938 0.107322 0.108758 0.109476 0.079325 0.007538
0.006327 0.027306 0.055944 0.065934 0.069930 0.081752 0.093074 0.120879 0.133034 0.133866 0.119381 0.083750 0.008825
0.002615 0.021655 0.039858 0.053981 0.066116 0.088608 0.103881 0.123653 0.131813 0.146668 0.123235 0.088398 0.009520
0.002528 0.017927 0.034781 0.048265 0.064813 0.083812 0.101433 0.126484 0.144718 0.155137 0.126638 0.085727 0.007738
0.003435 0.014110 0.032697 0.050610 0.061775 0.082204 0.100914 0.125882 0.143918 0.155696 0.134225 0.085455 0.009079
0.001824 0.015425 0.031266 0.044815 0.064148 0.082126 0.101251 0.122043 0.148619 0.158312 0.131266 0.089630 0.009276
0.002255 0.012655 0.029911 0.048226 0.061065 0.077999 0.103079 0.125903 0.152363 0.156919 0.132852 0.087801 0.008973
0.002054 0.012868 0.026282 0.043174 0.062078 0.080312 0.100767 0.127971 0.154546 0.158821 0.135097 0.087228 0.008802
0.002591 0.011423 0.026456 0.044120 0.062333 0.079094 0.102018 0.124117 0.151868 0.162113 0.134597 0.090477 0.008793
0.001872 0.011492 0.027251 0.041512 0.059854 0.082388 0.100430 0.124761 0.157215 0.160097 0.134344 0.089650 0.009133
0.001568 0.011743 0.024179 0.042486 0.058349 0.077605 0.102950 0.126801 0.154517 0.165494 0.135480 0.089238 0.009591
0.001986 0.011048 0.026465 0.041521 0.058707 0.078817 0.100083 0.129328 0.160090 0.159909 0.136513 0.087482 0.008051
0.002392 0.011271 0.024572 0.040628 0.055886 0.079588 0.106081 0.125689 0.155987 0.163816 0.135003 0.090533 0.008553
0.001401 0.010211 0.023555 0.039590 0.056768 0.077595 0.103915 0.129976 0.153716 0.166138 0.138934 0.088986 0.009216
0.002104 0.011513 0.025129 0.041614 0.055575 0.078371 0.093861 0.130120 0.158768 0.165844 0.137579 0.090457 0.009065
0.001670 0.011851 0.026065 0.037916 0.054044 0.076077 0.097825 0.129470 0.160381 0.164780 0.141647 0.089150 0.009123
0.001778 0.010047 0.023605 0.039920 0.057568 0.074594 0.097800 0.129362 0.161102 0.168971 0.132830 0.093354 0.009069
0.001873 0.009856 0.025034 0.039572 0.054504 0.077420 0.096738 0.127045 0.156268 0.169081 0.139513 0.093584 0.009511
0.001839 0.010028 0.025517 0.041228 0.056549 0.073207 0.097888 0.125634 0.161513 0.163630 0.139729 0.093543 0.009694
0.001785 0.011601 0.025433 0.038310 0.058261 0.075472 0.097527 0.125829 0.152282 0.172170 0.140426 0.093001 0.007904
0.004438 0.025148 0.053254 0.076923 0.079882 0.105030 0.105030 0.121302 0.130178 0.155325 0.081361 0.051775 0.010355
0.006461 0.012922 0.045944 0.054559 0.083991 0.103374 0.101220 0.139986 0.149318 0.149318 0.091170 0.055276 0.006461
0.001397 0.016294 0.039106 0.043296 0.074953 0.116387 0.121974 0.130354 0.141527 0.142924 0.105680 0.062384 0.003724
0.002156 0.012217 0.035932 0.046712 0.075099 0.089472 0.113906 0.143730 0.163852 0.145886 0.104923 0.058570 0.007546
0.001240 0.015814 0.032558 0.056434 0.075659 0.087442 0.106357 0.150388 0.145426 0.152868 0.111008 0.056744 0.008062
0.003978 0.017334 0.026144 0.050867 0.060529 0.090935 0.123615 0.129582 0.158568 0.159989 0.116226 0.056550 0.005683
0.002506 0.013641 0.033129 0.052060 0.064588 0.093263 0.112472 0.146437 0.165646 0.146993 0.101615 0.061526 0.006125
0.003192 0.016541 0.026407 0.047011 0.071677 0.094312 0.112594 0.155833 0.154962 0.150609 0.098665 0.063552 0.004643
0.002261 0.014858 0.033915 0.046512 0.069767 0.093346 0.113372 0.135982 0.160530 0.149225 0.111434 0.062016 0.006783
0.003883 0.010874 0.035340 0.060583 0.069903 0.093204 0.116505 0.144078 0.144854 0.150291 0.099029 0.065243 0.006214
0.003171 0.019556 0.028013 0.051797 0.075053 0.091438 0.121564 0.134249 0.172304 0.134778 0.104651 0.058140 0.005285
0.001689 0.016047 0.026182 0.040541 0.076858 0.108108 0.121622 0.129223 0.179054 0.122466 0.116554 0.056588 0.005068
0.000000 0.026786 0.025298 0.040179 0.061012 0.087798 0.107143 0.154762 0.175595 0.151786 0.101190 0.063988 0.004464
0.000000 0.006349 0.044444 0.041270 0.060317 0.111111 0.073016 0.155556 0.165079 0.158730 0.111111 0.073016 0.000000
0.000000 0.010638 0.010638 0.042553 0.042553 0.074468 0.106383 0.170213 0.223404 0.106383 0.117021 0.095745 0.000000
0.000000 0.000000 0.000000 0.000000 0.111111 0.000000 0.166667 0.111111 0.111111 0.222222 0.277778 0.000000 0.000000
0.009235 0.013325 0.020053 0.035290 0.049604 0.079222 0.109235 0.135158 0.151649 0.151319 0.125594 0.109565 0.010752
0.003826 0.014950 0.026369 0.037553 0.050590 0.072721 0.105595 0.128638 0.163248 0.165514 0.130846 0.091498 0.008652
0.002902 0.011095 0.023730 0.036259 0.052575 0.075013 0.101663 0.133906 0.164590 0.165316 0.134277 0.090090 0.008583
0.002105 0.011070 0.021732 0.034647 0.050918 0.074791 0.102046 0.133510 0.168541 0.169804 0.135045 0.087843 0.007950
0.001738 0.010210 0.020620 0.035637 0.051327 0.076526 0.103624 0.133191 0.168030 0.169103 0.133685 0.087876 0.008434
0.001581 0.009329 0.021580 0.033292 0.051171 0.075273 0.102496 0.134508 0.170352 0.169072 0.135541 0.087647 0.008157
0.001751 0.009056 0.020579 0.032760 0.051555 0.075857 0.103402 0.134365 0.169885 0.170712 0.135446 0.086384 0.008248
0.001427 0.009292 0.019977 0.033210 0.050955 0.074394 0.102783 0.136275 0.168759 0.171279 0.136275 0.086798 0.008576
0.001521 0.008809 0.019359 0.033421 0.051000 0.074544 0.102862 0.136119 0.169181 0.171381 0.136662 0.086750 0.008390
0.001509 0.008598 0.019155 0.033328 0.051148 0.074247 0.102754 0.136270 0.170609 0.171502 0.135637 0.086704 0.008540
0.001429 0.008413 0.019472 0.033263 0.050810 0.075197 0.103143 0.135435 0.170336 0.172240 0.135566 0.086374 0.008323
0.001462 0.008106 0.019325 0.032845 0.050916 0.075647 0.102897 0.135632 0.170358 0.172824 0.135198 0.086522 0.008269
0.001333 0.008087 0.019246 0.032671 0.050887 0.076366 0.104506 0.136598 0.171303 0.171494 0.134733 0.084686 0.008091
0.001441 0.007690 0.018848 0.032444 0.050796 0.074559 0.105699 0.136811 0.171418 0.172584 0.134245 0.085055 0.008409
0.001318 0.007803 0.018901 0.032707 0.051278 0.074033 0.104317 0.137557 0.170967 0.173251 0.134947 0.084591 0.008330
0.001454 0.007902 0.018416 0.032568 0.051040 0.074536 0.104946 0.136951 0.171796 0.171515 0.134396 0.086148 0.008333
0.001342 0.008008 0.019189 0.032649 0.050416 0.074701 0.104059 0.136910 0.171818 0.172293 0.134855 0.085732 0.008028
0.001488 0.008171 0.019090 0.032382 0.050496 0.074614 0.104635 0.137142 0.170800 0.172850 0.134177 0.085828 0.008327
0.001465 0.008304 0.018845 0.032042 0.050963 0.075195 0.104065 0.136783 0.171400 0.172583 0.135326 0.084858 0.008171
0.001338 0.008501 0.019045 0.032612 0.050561 0.075339 0.104907 0.136913 0.171384 0.171518 0.134340 0.085454 0.008090
0.022481 0.143900 0.125756 0.084674 0.071551 0.060482 0.064362 0.063220 0.076458 0.093575 0.101563 0.084332 0.007646
0.016829 0.060847 0.076992 0.080305 0.076413 0.071523 0.076834 0.089771 0.104865 0.115383 0.121904 0.098238 0.010097
0.007632 0.039439 0.058569 0.068888 0.071836 0.076323 0.084578 0.096665 0.117040 0.130307 0.134762 0.102693 0.011268
0.005107 0.028171 0.049163 0.063449 0.069850 0.078770 0.085901 0.099550 0.120496 0.139229 0.140877 0.108423 0.011014
0.004307 0.023333 0.044851 0.056949 0.067543 0.077459 0.088163 0.102900 0.124216 0.141684 0.147439 0.109461 0.011694
0.003728 0.021405 0.041172 0.055557 0.065388 0.076707 0.091693 0.107597 0.123861 0.145492 0.147867 0.107928 0.011604
0.003493 0.018686 0.039106 0.054389 0.066949 0.077467 0.092904 0.107327 0.128273 0.147152 0.146741 0.106839 0.010672
0.003034 0.019526 0.038408 0.052316 0.067510 0.078226 0.091977 0.105851 0.129189 0.147891 0.146053 0.109393 0.010626
0.003094 0.017802 0.035503 0.052737 0.065569 0.078066 0.092714 0.111835 0.131077 0.149965 0.143503 0.107209 0.010925
0.003019 0.017892 0.036035 0.053499 0.064532 0.077783 0.092777 0.109476 0.133304 0.148028 0.147003 0.105861 0.010791
0.002953 0.017616 0.036218 0.050846 0.064400 0.077105 0.091274 0.110024 0.133901 0.148936 0.147074 0.108318 0.011337
0.002743 0.017189 0.035045 0.050297 0.063286 0.077179 0.092780 0.109367 0.133579 0.152510 0.145364 0.109424 0.011239
0.002738 0.016701 0.034183 0.050614 0.063316 0.078145 0.091241 0.108692 0.132448 0.151447 0.149869 0.109265 0.011340
0.002750 0.015571 0.033350 0.051063 0.064477 0.077328 0.090580 0.109108 0.132861 0.152130 0.148291 0.111175 0.011317
0.002365 0.015331 0.033557 0.050421 0.064849 0.077334 0.092658 0.111372 0.134471 0.150218 0.147645 0.108576 0.011202
0.002508 0.015148 0.033687 0.049957 0.063668 0.077002 0.093110 0.110486 0.133551 0.152539 0.147565 0.109603 0.011175
0.002584 0.015499 0.033335 0.048634 0.063313 0.077820 0.092472 0.108798 0.135827 0.153910 0.148259 0.108791 0.010758
0.002455 0.015014 0.033049 0.049829 0.063827 0.077198 0.093842 0.110506 0.133954 0.151409 0.148968 0.109306 0.010644
0.002494 0.015110 0.031745 0.048623 0.063591 0.077657 0.092408 0.112004 0.135868 0.153479 0.147401 0.108210 0.011410
0.002615 0.014535 0.031516 0.049024 0.062687 0.077708 0.092425 0.112818 0.136793 0.152571 0.147598 0.108588 0.011122
0.015294 0.134234 0.133420 0.095509 0.071917 0.061178 0.061015 0.062154 0.077611 0.086398 0.099902 0.090953 0.010413
0.011978 0.052823 0.079533 0.087047 0.080574 0.075664 0.075664 0.082137 0.101109 0.117700 0.121122 0.104233 0.010416
0.005722 0.033967 0.061707 0.069535 0.073838 0.078737 0.085649 0.089677 0.113527 0.134859 0.137789 0.104509 0.010483
0.005028 0.026871 0.048583 0.061023 0.068401 0.074148 0.081723 0.096937 0.121621 0.143006 0.148230 0.113491 0.010938
0.003923 0.022232 0.042453 0.053845 0.062698 0.071626 0.082918 0.098058 0.127358 0.152809 0.153639 0.115965 0.012474
0.003887 0.020238 0.037020 0.052630 0.059294 0.069351 0.084386 0.098330 0.129036 0.154457 0.158323 0.120501 0.012546
0.003714 0.019094 0.037926 0.050679 0.060033 0.070088 0.082246 0.098765 0.128983 0.155085 0.160392 0.121591 0.011404
0.003652 0.019919 0.036538 0.049965 0.060063 0.070636 0.081961 0.100668 0.129947 0.156388 0.156940 0.120540 0.012783
0.003264 0.018194 0.036802 0.048605 0.059913 0.071868 0.083438 0.100337 0.129192 0.155430 0.160306 0.120419 0.012231
0.003072 0.017657 0.036141 0.050261 0.061661 0.069410 0.086729 0.102968 0.132112 0.154321 0.155725 0.117678 0.012264
0.003228 0.017928 0.037227 0.050685 0.060380 0.073408 0.086251 0.103064 0.130944 0.153575 0.155491 0.116418 0.011403
0.002992 0.018150 0.036322 0.049761 0.062732 0.072036 0.085268 0.103973 0.131993 0.154202 0.154920 0.115660 0.011991
0.002685 0.016990 0.035261 0.049730 0.060978 0.072618 0.086509 0.104119 0.131592 0.154304 0.155089 0.118227 0.011898
0.002872 0.016822 0.034423 0.049400 0.060967 0.071458 0.086176 0.105541 0.131907 0.154632 0.156028 0.117507 0.012265
0.002430 0.017295 0.034891 0.051564 0.061976 0.073467 0.084481 0.103915 0.132234 0.153039 0.155449 0.117146 0.012113
0.002918 0.017796 0.036702 0.051159 0.062210 0.072294 0.085575 0.104280 0.133289 0.153937 0.154396 0.114412 0.011032
0.003070 0.017718 0.035930 0.050512 0.062052 0.072892 0.085664 0.103885 0.130642 0.155903 0.156917 0.113256 0.011560
0.003014 0.017534 0.035276 0.049397 0.062059 0.071992 0.085782 0.103107 0.134392 0.156068 0.155802 0.113447 0.012131
0.002725 0.015812 0.035620 0.049593 0.060262 0.073657 0.084933 0.104982 0.131541 0.154604 0.157705 0.116933 0.011633
0.002522 0.015748 0.034057 0.047787 0.060280 0.072377 0.085909 0.105337 0.132568 0.159128 0.156961 0.114971 0.012355
0.007730 0.062668 0.067585 0.061641 0.059880 0.073137 0.096668 0.113766 0.123453 0.122670 0.109168 0.092535 0.009099
0.005133 0.025875 0.042344 0.053626 0.064245 0.079412 0.097604 0.117915 0.142586 0.148558 0.126679 0.088077 0.007948
0.003003 0.016223 0.032567 0.047062 0.061786 0.078016 0.100089 0.123134 0.151740 0.158434 0.131117 0.087753 0.009076
0.002340 0.013421 0.028556 0.044002 0.059911 0.078641 0.100189 0.126873 0.154083 0.161527 0.134546 0.087359 0.008551
0.002043 0.011762 0.025771 0.041300 0.058523 0.078203 0.100884 0.125440 0.156702 0.164789 0.136814 0.089115 0.008654
0.001789 0.010990 0.025045 0.040922 0.057161 0.077161 0.101222 0.127467 0.159014 0.165317 0.136072 0.088933 0.008907
0.001660 0.010760 0.024278 0.039506 0.057295 0.077499 0.101292 0.127907 0.159176 0.168216 0.136009 0.087881 0.008520
0.001607 0.010174 0.023895 0.039376 0.057336 0.077099 0.100388 0.128534 0.160446 0.167352 0.137283 0.088090 0.008421
0.001525 0.009818 0.023138 0.038720 0.056935 0.076988 0.099957 0.128141 0.161913 0.168525 0.137061 0.088622 0.008657
0.001519 0.009773 0.022487 0.038793 0.056327 0.076259 0.100528 0.128798 0.162306 0.168035 0.137781 0.088812 0.008583
0.001465 0.009696 0.022657 0.038732 0.055656 0.076454 0.099847 0.129197 0.161899 0.169091 0.137590 0.089282 0.008434
0.001428 0.009487 0.022616 0.038471 0.055799 0.076463 0.100310 0.128635 0.162134 0.169564 0.137896 0.088552 0.008645
0.001328 0.009318 0.022558 0.037853 0.055221 0.076967 0.101012 0.129127 0.161508 0.169562 0.138077 0.088859 0.008611
0.001506 0.009320 0.022209 0.037844 0.055390 0.077046 0.100983 0.128382 0.162745 0.169155 0.138507 0.088519 0.008394
0.001456 0.009148 0.022100 0.037781 0.056050 0.076343 0.100940 0.128703 0.161759 0.169443 0.138600 0.089053 0.008626
0.001412 0.009268 0.021892 0.037817 0.055421 0.076462 0.100625 0.128894 0.162862 0.169547 0.138637 0.088647 0.008517
0.001436 0.009255 0.021955 0.037709 0.055436 0.076214 0.100708 0.128464 0.161848 0.169826 0.139099 0.089413 0.008635
0.001521 0.009225 0.022105 0.037385 0.055191 0.076057 0.099959 0.128578 0.162856 0.169896 0.138850 0.089690 0.008687
0.001410 0.009203 0.021879 0.037610 0.054744 0.075988 0.100712 0.128735 0.162064 0.171137 0.138697 0.089252 0.008570
0.001440 0.009234 0.021617 0.037666 0.055420 0.075710 0.100551 0.128622 0.162137 0.170618 0.138764 0.089411 0.008810
0.004142 0.039439 0.043718 0.042280 0.053098 0.073571 0.103732 0.125710 0.146080 0.135775 0.124957 0.098083 0.009415
0.004113 0.018608 0.033693 0.043455 0.055855 0.074758 0.096702 0.124156 0.153131 0.156483 0.134787 0.095228 0.009032
0.002778 0.015310 0.028398 0.040624 0.054621 0.074291 0.098512 0.126565 0.155423 0.163079 0.137651 0.093511 0.009236
0.002109 0.013912 0.027243 0.039587 0.054882 0.074224 0.097886 0.125231 0.158369 0.165071 0.139178 0.092587 0.009722
0.002500 0.012695 0.025747 0.038596 0.055658 0.074103 0.098286 0.128043 0.157162 0.165990 0.139387 0.092435 0.009398
0.002182 0.011967 0.024626 0.039280 0.054382 0.075089 0.099976 0.128504 0.160338 0.165968 0.136822 0.091855 0.009010
0.002162 0.012074 0.025478 0.039352 0.054338 0.074558 0.098525 0.129783 0.160676 0.165876 0.136572 0.091392 0.009213
0.002047 0.011591 0.025028 0.038878 0.054561 0.074982 0.099945 0.128491 0.159848 0.165585 0.138755 0.091360 0.008929
0.001928 0.011462 0.024264 0.038602 0.054740 0.075391 0.100295 0.128778 0.161059 0.166852 0.136852 0.090829 0.008946
0.001930 0.011016 0.024056 0.037896 0.054412 0.075215 0.099736 0.129205 0.161474 0.168838 0.137573 0.089783 0.008865
0.001824 0.010793 0.023621 0.038315 0.054821 0.075169 0.100321 0.129337 0.162013 0.167860 0.137778 0.089506 0.008641
0.001729 0.010456 0.023321 0.038573 0.053951 0.075123 0.100763 0.129490 0.162493 0.168024 0.136913 0.090594 0.008571
0.001842 0.010612 0.023641 0.037681 0.054147 0.075084 0.101007 0.129293 0.162275 0.169753 0.136283 0.089947 0.008435
0.001779 0.010256 0.023328 0.037633 0.054359 0.075001 0.100750 0.130157 0.162739 0.168521 0.138026 0.088710 0.008742
0.001744 0.010114 0.023428 0.037282 0.054317 0.076092 0.100950 0.130222 0.162637 0.168467 0.136634 0.089578 0.008536
0.001836 0.009805 0.022338 0.037467 0.055121 0.075298 0.101019 0.130107 0.163044 0.170232 0.136808 0.088294 0.008630
0.001672 0.009996 0.022498 0.036911 0.054607 0.074939 0.100346 0.129859 0.164006 0.170198 0.137028 0.089304 0.008638
0.001627 0.010150 0.022753 0.037397 0.054348 0.075710 0.101121 0.130008 0.162936 0.168867 0.137088 0.089316 0.008679
0.001678 0.010097 0.022594 0.037143 0.054160 0.075373 0.100252 0.130052 0.164115 0.169621 0.136713 0.089355 0.008847
0.001648 0.009952 0.022512 0.036991 0.054135 0.075386 0.100324 0.130284 0.163699 0.169295 0.137233 0.089881 0.008660
