0.235479 0.194892 0.224983 0.321204 0.023443
0.179600 0.190512 0.257805 0.355259 0.016823
0.142524 0.196721 0.265789 0.377855 0.017110
0.132004 0.202351 0.269385 0.380878 0.015383
0.112123 0.211217 0.286434 0.377295 0.012932
0.106503 0.218023 0.288714 0.374944 0.011816
0.098466 0.209724 0.302907 0.375427 0.013476
0.092195 0.208032 0.304250 0.383520 0.012003
0.086201 0.207215 0.306486 0.388135 0.011963
0.083558 0.206945 0.322032 0.376760 0.010705
0.079925 0.206841 0.320017 0.383086 0.010131
0.078948 0.208616 0.321358 0.380987 0.010092
0.070555 0.211841 0.322043 0.385267 0.010293
0.068958 0.210687 0.320995 0.390445 0.008916
0.064357 0.215782 0.331797 0.379012 0.009052
0.059996 0.225666 0.331083 0.375101 0.008154
0.059210 0.240513 0.337194 0.355692 0.007390
0.061638 0.242242 0.334646 0.354500 0.006973
0.065649 0.246302 0.331106 0.348558 0.008385
0.073684 0.262708 0.322537 0.332254 0.008817
0.406130 0.153715 0.263647 0.173167 0.003340
0.282990 0.198327 0.296528 0.218117 0.004038
0.200201 0.216242 0.325731 0.253323 0.004503
0.154548 0.219885 0.341733 0.278594 0.005241
0.122111 0.219478 0.356692 0.296000 0.005720
0.102009 0.217742 0.368520 0.305683 0.006046
0.089158 0.211217 0.377876 0.315726 0.006022
0.079227 0.206008 0.383627 0.324936 0.006201
0.073615 0.202655 0.387331 0.330289 0.006109
0.069696 0.201079 0.390402 0.332330 0.006493
0.065490 0.198860 0.393715 0.335781 0.006154
0.062033 0.196303 0.394525 0.340890 0.006250
0.058213 0.193770 0.394372 0.347375 0.006269
0.054652 0.190232 0.395462 0.352933 0.006721
0.050850 0.186069 0.396506 0.359707 0.006868
0.047662 0.181084 0.398046 0.366026 0.007182
0.045387 0.177997 0.398074 0.371134 0.007408
0.043702 0.174752 0.399792 0.374193 0.007562
0.042212 0.172186 0.401217 0.376862 0.007523
0.040546 0.172181 0.401522 0.378103 0.007648
0.038432 0.164263 0.413248 0.375421 0.008636
0.034081 0.160993 0.413279 0.384116 0.007531
0.030132 0.157331 0.417548 0.386677 0.008312
0.028250 0.156559 0.413403 0.393657 0.008132
0.027290 0.155125 0.418606 0.390559 0.008419
0.026583 0.158160 0.415956 0.391391 0.007911
0.026417 0.156832 0.416083 0.392804 0.007864
0.025962 0.157321 0.416752 0.391551 0.008415
0.025808 0.157341 0.414721 0.393803 0.008327
0.026064 0.158130 0.417351 0.390214 0.008241
0.025891 0.155973 0.417752 0.392366 0.008017
0.025508 0.155700 0.416869 0.393463 0.008460
0.025171 0.156602 0.417641 0.392277 0.008310
0.025387 0.155687 0.416557 0.394175 0.008193
0.025497 0.155998 0.418142 0.392474 0.007889
0.025214 0.155612 0.417159 0.393667 0.008348
0.025568 0.155291 0.417124 0.393628 0.008389
0.024967 0.155602 0.417259 0.393999 0.008173
0.026033 0.154673 0.415696 0.395003 0.008595
0.025697 0.156505 0.416963 0.392306 0.008528
0.108333 0.233333 0.258333 0.400000 0.000000
0.082609 0.195652 0.317391 0.395652 0.008696
0.076336 0.160305 0.339695 0.419847 0.003817
0.048889 0.177778 0.364444 0.395556 0.013333
0.047945 0.226027 0.321918 0.397260 0.006849
0.084507 0.183099 0.281690 0.436620 0.014085
0.000000 0.148148 0.222222 0.629630 0.000000
0.194420 0.239420 0.290465 0.267490 0.008205
0.105265 0.230221 0.340380 0.316031 0.008103
0.068778 0.218448 0.362289 0.342377 0.008108
0.054929 0.207082 0.377974 0.352027 0.007988
0.046277 0.197079 0.383501 0.365366 0.007778
0.041128 0.189956 0.387569 0.373194 0.008154
0.038611 0.182288 0.390958 0.380198 0.007945
0.036999 0.177531 0.392557 0.384651 0.008262
0.034486 0.175189 0.393540 0.388267 0.008518
0.033577 0.175540 0.392004 0.390262 0.008617
0.033025 0.173791 0.392710 0.392157 0.008316
0.033767 0.174556 0.392632 0.390713 0.008332
0.033510 0.173824 0.394232 0.390084 0.008350
0.033450 0.176719 0.391035 0.390342 0.008454
0.034009 0.173301 0.392039 0.392052 0.008599
0.032660 0.171835 0.392632 0.394419 0.008455
0.032161 0.170416 0.393675 0.395065 0.008683
0.030836 0.170772 0.393111 0.396912 0.008370
0.029914 0.168832 0.395342 0.397401 0.008512
0.029274 0.168279 0.393487 0.400319 0.008641
0.173726 0.220029 0.301149 0.297559 0.007538
0.089577 0.217616 0.346986 0.336996 0.008825
0.064128 0.208704 0.359347 0.358301 0.009520
0.055236 0.196890 0.372635 0.367502 0.007738
0.050242 0.194589 0.370713 0.375376 0.009079
0.048515 0.191089 0.371912 0.379208 0.009276
0.044821 0.187290 0.381345 0.377571 0.008973
0.041204 0.185564 0.383284 0.381146 0.008802
0.040469 0.185547 0.378003 0.387188 0.008793
0.040614 0.183754 0.382407 0.384091 0.009133
0.037490 0.178440 0.384268 0.390212 0.009591
0.039499 0.179045 0.389501 0.383904 0.008051
0.038236 0.176102 0.387757 0.389352 0.008553
0.035167 0.173953 0.387607 0.394058 0.009216
0.038745 0.175559 0.382750 0.393880 0.009065
0.039586 0.168038 0.387676 0.395577 0.009123
0.035430 0.172083 0.388264 0.395154 0.009069
0.036763 0.171496 0.380051 0.402178 0.009511
0.037384 0.170984 0.385035 0.396902 0.009694
0.038819 0.172042 0.375637 0.405597 0.007904
0.082840 0.261834 0.356509 0.288462 0.010355
0.065327 0.241924 0.390524 0.295765 0.006461
0.056797 0.234637 0.393855 0.310987 0.003724
0.050305 0.211283 0.421488 0.309378 0.007546
0.049612 0.219535 0.402171 0.320620 0.008062
0.047457 0.202330 0.411765 0.332765 0.005683
0.049276 0.209911 0.424555 0.310134 0.006125
0.046140 0.213001 0.423389 0.312826 0.004643
0.051034 0.209625 0.409884 0.322674 0.006783
0.050097 0.223689 0.405437 0.314563 0.006214
0.050740 0.218288 0.428118 0.297569 0.005285
0.043919 0.225507 0.429899 0.295608 0.005068
0.052083 0.188988 0.437500 0.316964 0.004464
0.050794 0.212698 0.393651 0.342857 0.000000
0.021277 0.159574 0.500000 0.319149 0.000000
0.000000 0.111111 0.388889 0.500000 0.000000
0.042612 0.164116 0.396042 0.386478 0.010752
0.045146 0.160864 0.397481 0.387857 0.008652
0.037728 0.163847 0.400159 0.389683 0.008583
0.034907 0.160356 0.404096 0.392692 0.007950
0.032569 0.163490 0.404844 0.390663 0.008434
0.032490 0.159735 0.407357 0.392261 0.008157
0.031386 0.160172 0.407652 0.392542 0.008248
0.030696 0.158559 0.407817 0.394353 0.008576
0.029690 0.158965 0.408162 0.394793 0.008390
0.029262 0.158722 0.409633 0.393843 0.008540
0.029314 0.159269 0.408913 0.394181 0.008323
0.028893 0.159407 0.408887 0.394544 0.008269
0.028666 0.159923 0.412408 0.390913 0.008091
0.027980 0.157799 0.413928 0.391884 0.008409
0.028022 0.158018 0.412841 0.392788 0.008330
0.027771 0.158144 0.413694 0.392059 0.008333
0.028539 0.157766 0.412787 0.392880 0.008028
0.028749 0.157492 0.412577 0.392855 0.008327
0.028613 0.158200 0.412248 0.392768 0.008171
0.028883 0.158512 0.413203 0.391312 0.008090
0.292137 0.216707 0.204040 0.279470 0.007646
0.154667 0.228241 0.271470 0.335525 0.010097
0.105641 0.217047 0.298284 0.367761 0.011268
0.082441 0.212068 0.305947 0.388529 0.011014
0.072492 0.201950 0.315279 0.398585 0.011694
0.066305 0.197652 0.323152 0.401287 0.011604
0.061286 0.198806 0.328504 0.400732 0.010672
0.060968 0.198053 0.327017 0.403337 0.010626
0.056399 0.196373 0.335626 0.400678 0.010925
0.056947 0.195814 0.335557 0.400891 0.010791
0.056787 0.192351 0.335198 0.404327 0.011337
0.054976 0.190761 0.335726 0.407297 0.011239
0.053623 0.192074 0.332382 0.410581 0.011340
0.051671 0.192869 0.332548 0.411596 0.011317
0.051253 0.192605 0.338501 0.406439 0.011202
0.051344 0.190627 0.337147 0.409707 0.011175
0.051418 0.189767 0.337096 0.410960 0.010758
0.050518 0.190854 0.338302 0.409684 0.010644
0.049348 0.189872 0.340281 0.409089 0.011410
0.048665 0.189418 0.342037 0.408757 0.011122
0.282948 0.228604 0.200781 0.277253 0.010413
0.144335 0.243285 0.258909 0.343055 0.010416
0.101396 0.222110 0.288853 0.377157 0.010483
0.080482 0.203572 0.300281 0.404728 0.010938
0.068608 0.188170 0.308335 0.422413 0.012474
0.061145 0.181276 0.311752 0.433281 0.012546
0.060734 0.180801 0.309994 0.437068 0.011404
0.060109 0.180664 0.312576 0.433868 0.012783
0.058260 0.180387 0.312967 0.436155 0.012231
0.056870 0.181333 0.321809 0.427724 0.012264
0.058383 0.184473 0.320259 0.425483 0.011403
0.057465 0.184529 0.321233 0.424782 0.011991
0.054936 0.183326 0.322220 0.427620 0.011898
0.054117 0.181825 0.323624 0.428168 0.012265
0.054616 0.187006 0.320630 0.425634 0.012113
0.057416 0.185664 0.323144 0.422745 0.011032
0.056718 0.185456 0.320191 0.426075 0.011560
0.055823 0.183448 0.323281 0.425317 0.012131
0.054157 0.183512 0.321457 0.429241 0.011633
0.052327 0.180444 0.323814 0.431060 0.012355
0.137982 0.194658 0.333888 0.324373 0.009099
0.073352 0.197282 0.358104 0.363314 0.007948
0.051792 0.186864 0.374963 0.377305 0.009076
0.044317 0.182554 0.381145 0.383432 0.008551
0.039575 0.178026 0.383027 0.390718 0.008654
0.037824 0.175244 0.387704 0.390322 0.008907
0.036698 0.174300 0.388375 0.392106 0.008520
0.035675 0.173811 0.389368 0.392725 0.008421
0.034481 0.172643 0.390011 0.394208 0.008657
0.033779 0.171378 0.391632 0.394628 0.008583
0.033818 0.170842 0.390943 0.395963 0.008434
0.033531 0.170733 0.391079 0.396011 0.008645
0.033204 0.170040 0.391648 0.396497 0.008611
0.033035 0.170280 0.392110 0.396181 0.008394
0.032704 0.170174 0.391401 0.397095 0.008626
0.032571 0.169699 0.392381 0.396832 0.008517
0.032646 0.169359 0.391021 0.398338 0.008635
0.032852 0.168633 0.391393 0.398436 0.008687
0.032492 0.168342 0.391510 0.399086 0.008570
0.032291 0.168796 0.391310 0.398793 0.008810
0.087299 0.168949 0.375522 0.358815 0.009415
0.056413 0.174067 0.373989 0.386498 0.009032
0.046487 0.169536 0.380501 0.394240 0.009236
0.043264 0.168693 0.381485 0.396836 0.009722
0.040942 0.168357 0.383490 0.397813 0.009398
0.038775 0.168751 0.388819 0.394645 0.009010
0.039714 0.168248 0.388984 0.393840 0.009213
0.038665 0.168420 0.388284 0.395701 0.008929
0.037654 0.168734 0.390132 0.394534 0.008946
0.037003 0.167523 0.390416 0.396194 0.008865
0.036238 0.168306 0.391671 0.395144 0.008641
0.035506 0.167647 0.392746 0.395531 0.008571
0.036095 0.166912 0.392575 0.395983 0.008435
0.035363 0.166992 0.393646 0.395257 0.008742
0.035286 0.167691 0.393808 0.394679 0.008536
0.033979 0.167887 0.394170 0.395334 0.008630
0.034166 0.166456 0.394211 0.396529 0.008638
0.034530 0.167456 0.394064 0.395271 0.008679
0.034369 0.166676 0.394419 0.395689 0.008847
0.034112 0.166511 0.394306 0.396410 0.008660
